bayes,locus
0.1891891891891892,Rv0024
0.23170731707317074,Rv0045c
0.3333333333333333,Rv0063
0.1875,Rv0090
0.2318840579710145,ephF
0.20238095238095238,Rv0176
0.25,PE_PGRS3-PE_PGRS4
0.22535211267605634,pks6
0.273972602739726,Rv0420c-Rv0421c
0.25,senX3-regX3
0.29069767441860467,mce2B
0.1875,Rv0648
0.15492957746478872,Rv0759c-Rv0760c
0.21951219512195122,Rv0794c-Rv0795
0.2077922077922078,Rv0823c
0.2222222222222222,Rv0888
0.25925925925925924,Rv0927c
0.23684210526315788,Rv1042c-Rv1043c
0.32432432432432434,Rv1045
0.3018867924528302,Rv1179c-pks3
0.22950819672131148,Rv1225c
0.2727272727272727,Rv1258c
0.25333333333333335,mcr11
0.29577464788732394,Rv1269c
0.25,Rv1444c
0.25,opcA
0.2191780821917808,Rv1506c-Rv1507c
0.1891891891891892,plsB1
0.21428571428571427,Rv1730c
0.23255813953488372,Rv1775
0.22988505747126436,PPE31-PPE32
0.23809523809523808,Rv1907c
0.22058823529411764,ctpF
0.1951219512195122,dosT
0.2625,Rv2081c
0.23529411764705882,Rv2133c
0.275,Rv2148c
0.2361111111111111,Rv2264c
0.19117647058823528,Rv2303c
0.2808988764044944,mmpL9
0.273972602739726,plcA-PPE38
0.2804878048780488,Rv2405-Rv2406c
0.20634920634920634,Rv2437
0.25,vapB17
0.2898550724637681,vapB18
0.20512820512820512,Rv2624c
0.25,Rv2709
0.26153846153846155,Rv2823c
0.27941176470588236,cobB
0.21176470588235294,Rv2862c-vapB23
0.2716049382716049,lppW-trmD
0.2077922077922078,Rv2923c
0.22857142857142856,ppsA
0.24,Rv3428c-PPE59
0.2037037037037037,Rv3483c
0.22666666666666666,ddn-Rv3548c
0.2676056338028169,ponA2-Rv3683
0.2727272727272727,Rv3766
0.18461538461538463,Rv3773c
0.23943661971830985,lipE-Rv3776
0.25862068965517243,Rv3802c-fbpD
0.1891891891891892,Rv3829c
0.18666666666666668,Rv3830c
0.1875,Rv3847
0.3088235294117647,eccC2
0.11864406779661017,dnaA
0.36363636363636365,dnaA-dnaN
0.208955223880597,alaT-Rv0008c
0.29333333333333333,Rv0012
0.2413793103448276,pknB
0.1774193548387097,pknA
0.265625,fhaA-leuT
0.2647058823529412,whiB5-Rv0023
0.2926829268292683,bioF2
0.19753086419753085,fadD34
0.17073170731707318,fadD34-Rv0036c
0.2,leuS
0.3181818181818182,dnaB
0.2727272727272727,dnaB-Rv0059
0.25333333333333335,Rv0061c
0.3181818181818182,Rv0064
0.3291139240506329,Rv0067c-Rv0068
0.2375,glyA2-Rv0071
0.23809523809523808,Rv0078A
0.25396825396825395,hycE-Rv0088
0.21428571428571427,Rv0088-Rv0089
0.2727272727272727,ctpB
0.19230769230769232,Rv0104
0.26744186046511625,hddA
0.19718309859154928,hddA-ldtA
0.26153846153846155,oxyS
0.2571428571428571,fusA2
0.2,fadE1
0.16883116883116883,fadE1-fgd2
0.20689655172413793,cyp138
0.25675675675675674,mce1D
0.2786885245901639,sigG
0.25,Rv0185
0.22950819672131148,Rv0194
0.23076923076923078,Rv0210-pckA
0.2222222222222222,Rv0221
0.17391304347826086,Rv0223c
0.19230769230769232,Rv0226c
0.19672131147540983,fadE5
0.25333333333333335,Rv0245
0.24050632911392406,nirB
0.2727272727272727,vapB25
0.2028985507246377,eccD3
0.136986301369863,Rv0302
0.21348314606741572,Rv0311
0.23684210526315788,Rv0315
0.18666666666666668,Rv0330c-Rv0331
0.2222222222222222,Rv0376c
0.23728813559322035,Rv0380c
0.2765957446808511,clpB
0.1282051282051282,Rv0398c
0.30434782608695654,fadD30
0.27419354838709675,Rv0439c-groEL2
0.2535211267605634,rskA
0.25675675675675674,sigK-Rv0446c
0.25,mmpS4-Rv0452
0.27586206896551724,Rv0452
0.2682926829268293,Rv0457c
0.2,pcaA-Rv0470A
0.2222222222222222,mshA
0.21621621621621623,Rv0492c
0.22388059701492538,mmpL2
0.27692307692307694,Rv0518-Rv0519c
0.3090909090909091,ccsA
0.26865671641791045,Rv0530
0.22972972972972974,galE3
0.2328767123287671,Rv0537c
0.2807017543859649,vapB3-fadD8
0.23809523809523808,Rv0565c
0.21428571428571427,Rv0575c
0.28,Rv0585c
0.2727272727272727,Rv0585c-mce2R
0.2159090909090909,yrbE2B
0.30357142857142855,Rv0590A
0.16666666666666666,mce2F
0.26153846153846155,Rv0597c-vapC27
0.2,tcrA-Rv0603
0.24358974358974358,Rv0613c
0.31645569620253167,recD
0.25609756097560976,mmaA2
0.18333333333333332,atsD
0.3108108108108108,echA4
0.2537313432835821,mmpL5
0.24242424242424243,Rv0679c
0.20224719101123595,rpsL
0.22972972972972974,Rv0691c
0.25925925925925924,lldD1-Rv0695
0.175,Rv0697
0.29411764705882354,Rv0699
0.20967741935483872,Rv0713
0.2222222222222222,Rv0737-Rv0738
0.21794871794871795,Rv0745
0.30303030303030304,Rv0749A-Rv0750
0.19753086419753085,cyp123
0.2236842105263158,aldA
0.21739130434782608,ggtA
0.20987654320987653,Rv0775
0.25,purF
0.23076923076923078,sseC2
0.2839506172839506,Rv0825c
0.19718309859154928,lpqR
0.22784810126582278,narL
0.36363636363636365,pdc-Rv0854
0.23076923076923078,far
0.20512820512820512,dapC
0.20689655172413793,moaD2
0.1388888888888889,Rv0874c
0.2891566265060241,Rv0890c
0.2711864406779661,Rv0893c
0.2463768115942029,Rv0893c-Rv0894
0.27586206896551724,Rv0907
0.2911392405063291,PE7-betP
0.18421052631578946,Rv0927c-pstS3
0.2,Rv0939
0.390625,Rv0959
0.2459016393442623,Rv0964c-Rv0965c
0.2894736842105263,PE_PGRS18-mprA
0.28378378378378377,mprB-pepD
0.22784810126582278,Rv0987
0.23943661971830985,Rv0988
0.2777777777777778,Rv0991c-Rv0992c
0.25842696629213485,rimJ
0.24705882352941178,tatD-rpfB
0.2714285714285714,eno
0.28169014084507044,kdpE
0.23529411764705882,Rv1046c
0.2153846153846154,Rv1048c
0.2463768115942029,mpr5-Rv1052
0.30666666666666664,Rv1072-Rv1073
0.2597402597402597,lipU
0.23684210526315788,celA2b
0.2597402597402597,MTS0858-glyA1
0.26,Rv1129c
0.16666666666666666,Rv1136-Rv1137c
0.2318840579710145,Rv1152
0.21333333333333335,pimE
0.2535211267605634,mutT2
0.21739130434782608,mutT2-narG
0.20588235294117646,narJ
0.21875,mmpL10
0.2535211267605634,fadD36
0.2631578947368421,fadD6
0.3076923076923077,Rv1217c
0.3333333333333333,Rv1227c-lpqX
0.2916666666666667,lpqX
0.17567567567567569,Rv1230c-Rv1231c
0.24193548387096775,embR-Rv1268c
0.23684210526315788,Rv1289-Rv1290c
0.3230769230769231,thrC
0.15,dinG
0.25806451612903225,Rv1357c-Rv1358
0.2191780821917808,lprF
0.24285714285714285,carA
0.2727272727272727,dfp
0.2361111111111111,lipI
0.2,lprH-Rv1419
0.2,uvrC
0.2463768115942029,Rv1432-Rv1433
0.3026315789473684,Rv1435c
0.25757575757575757,Rv1439c
0.22972972972972974,bisC
0.25396825396825395,Rv1458c
0.2727272727272727,Rv1461
0.3424657534246575,Rv1463
0.2602739726027397,Rv1478-moxR1
0.25333333333333335,Rv1489
0.3125,lipL
0.23255813953488372,Rv1505c
0.1791044776119403,Rv1507A-Rv1508c
0.28169014084507044,Rv1509-Rv1510
0.2676056338028169,Rv1515c
0.27419354838709675,Rv1520
0.2571428571428571,pks5
0.2835820895522388,Rv1532c
0.26229508196721313,ileS
0.2571428571428571,ansA
0.28205128205128205,Rv1566c-Rv1567c
0.23880597014925373,polA
0.3013698630136986,lysX
0.23529411764705882,pks7
0.273972602739726,pks8
0.20754716981132076,cyp139
0.1875,dsbF-Rv1678
0.16666666666666666,moeX
0.3037974683544304,moeX-Rv1682
0.25675675675675674,cycA-PPE22
0.234375,Rv1739c
0.2923076923076923,Rv1769
0.18292682926829268,Rv1771
0.323943661971831,cyp143
0.24528301886792453,secA2
0.27419354838709675,Rv1823
0.27941176470588236,gcvH
0.21739130434782608,Rv1835c
0.2727272727272727,glcB
0.23728813559322035,guaB1-gnd1
0.24242424242424243,Rv1847
0.23880597014925373,lldD2
0.21212121212121213,Rv1879-cyp140
0.1643835616438356,Rv1888c-Rv1888A
0.22727272727272727,Rv1894c-Rv1895
0.24050632911392406,Rv1904
0.24390243902439024,katG
0.2125,lppC
0.28205128205128205,Rv1920
0.26582278481012656,lppF-Rv1922
0.15151515151515152,Rv1924c-fadD31
0.24,fadD31
0.21739130434782608,Rv1927
0.19736842105263158,fadE17
0.14666666666666667,Rv1936
0.26582278481012656,ephB
0.20512820512820512,Rv1972
0.28205128205128205,Rv1975-Rv1976c
0.288135593220339,Rv1978
0.273972602739726,nrdF1-vapC36
0.27941176470588236,Rv1986
0.3076923076923077,Rv1987-erm(37)
0.3472222222222222,Rv1999c
0.20833333333333334,Rv2000
0.34782608695652173,Rv2020c
0.28205128205128205,Rv2023A
0.19047619047619047,Rv2034
0.2558139534883721,Rv2047c
0.28,ASpks-Rv2049c
0.21686746987951808,rpmG1
0.24675324675324675,Rv2059
0.20634920634920634,cobN
0.19480519480519481,Rv2079
0.20967741935483872,Rv2082
0.3382352941176471,Rv2087-pknJ
0.27631578947368424,pknJ
0.2564102564102564,pepE
0.2153846153846154,pafB
0.2777777777777778,vapC37
0.2878787878787879,mpa-lppK
0.17543859649122806,Rv2120c-hisG
0.22727272727272727,Rv2128-Rv2129c
0.2571428571428571,pyrD
0.24615384615384617,PE_PGRS38-pbpB
0.2923076923076923,pknL-Rv2177c
0.15492957746478872,Rv2180c
0.18181818181818182,TB16.3-Rv2186c
0.2625,Rv2191
0.26595744680851063,ephD
0.25,Rv2237-Rv2237A
0.2,accD6
0.2222222222222222,Rv2248
0.22727272727272727,mazF8
0.21333333333333335,cyp121
0.1935483870967742,Rv2280
0.16923076923076924,lppO
0.3010752688172043,Rv2308
0.27941176470588236,uspA
0.32051282051282054,stp-cysK1
0.2777777777777778,esxO
0.21739130434782608,esxO-esxP
0.3064516129032258,esxP
0.2318840579710145,plcC
0.22857142857142856,plcA
0.2625,PPE38-PPE39
0.2054794520547945,Rv2355-PPE40
0.2972972972972973,Rv2366c
0.18181818181818182,mbtB
0.24390243902439024,Rv2395-mcr7
0.2328767123287671,subI
0.31666666666666665,ahpD
0.21428571428571427,Rv2433c
0.24050632911392406,obg
0.25925925925925924,rpfE
0.24,aglA
0.2727272727272727,Rv2474c
0.2982456140350877,lipQ
0.2948717948717949,lipQ-argW
0.3,Rv2488c
0.23255813953488372,vapC38
0.25,bkdC
0.2857142857142857,accD1
0.18333333333333332,scoA
0.24675324675324675,Rv2516c
0.16417910447761194,Rv2525c-vapB17
0.21052631578947367,lppA
0.15789473684210525,lppB
0.21875,vapB20-Rv2551c
0.3148148148148148,Rv2562
0.2535211267605634,glnQ
0.2608695652173913,Rv2567
0.2923076923076923,aspS-Rv2573
0.19047619047619047,Rv2621c
0.25,hrp1-Rv2627c
0.24285714285714285,Rv2629
0.2702702702702703,Rv2632c-Rv2633c
0.14666666666666667,Rv2644c-valT
0.22093023255813954,valU-Rv2645
0.21428571428571427,Rv2659c-Rv2660c
0.23170731707317074,ceoB
0.22058823529411764,Rv2693c
0.2054794520547945,Rv2712c
0.27710843373493976,fadE20
0.1875,recX
0.22388059701492538,Rv2800-mazF9
0.30303030303030304,Rv2808-Rv2809
0.2702702702702703,Rv2813-Rv2814c
0.25301204819277107,Rv2820c
0.25,Rv2827c-Rv2828c
0.15873015873015872,Rv2828c
0.3142857142857143,vapB22-echA16
0.3170731707317073,echA16
0.2777777777777778,Rv2864c-relF
0.15714285714285714,dipZ
0.28,mpt53-Rv2879c
0.3333333333333333,Rv2891
0.17142857142857143,fdhD
0.25806451612903225,lppW
0.16883116883116883,amt
0.2875,ppsD
0.25,mas
0.19696969696969696,fadD28
0.19230769230769232,fadD29-Rv2951c
0.2235294117647059,Rv2951c
0.14035087719298245,Rv2952
0.25757575757575757,Rv2957-Rv2958c
0.23529411764705882,purU
0.22972972972972974,purU-kdtB
0.275,Rv2969c
0.2261904761904762,pfkA-gatA
0.25,Rv3015c
0.19117647058823528,Rv3047c
0.22784810126582278,nrdE
0.19736842105263158,nrdH-Rv3054c
0.2564102564102564,Rv3081
0.24193548387096775,Rv3081-virS
0.2714285714285714,moaA1
0.2028985507246377,Rv3115-moeB2
0.27692307692307694,fadB4-Rv3142c
0.25316455696202533,Rv3142c-Rv3143
0.26881720430107525,Rv3173c-Rv3174
0.26865671641791045,Rv3174
0.2916666666666667,Rv3178-Rv3179
0.2571428571428571,Rv3181c-Rv3182
0.15151515151515152,Rv3196
0.24324324324324326,nudC
0.19230769230769232,Rv3201c
0.1891891891891892,Rv3202c
0.24691358024691357,Rv3220c
0.22857142857142856,Rv3236c
0.22666666666666666,mtrB
0.2647058823529412,Rv3263
0.2153846153846154,Rv3272
0.2876712328767123,Rv3282
0.2463768115942029,sseA
0.13414634146341464,pcd
0.23880597014925373,lhr
0.2777777777777778,sdhD
0.2597402597402597,Rv3346c-PPE55
0.2558139534883721,PPE55-Rv3348
0.2028985507246377,Rv3359-Rv3360
0.2692307692307692,Rv3365c
0.15517241379310345,spoU
0.27631578947368424,spoU-PE_PGRS51
0.23376623376623376,Rv3376
0.3815789473684211,idsB-vapC46
0.20512820512820512,htdY
0.2463768115942029,Rv3395c-Rv3395A
0.32432432432432434,Rv3402c
0.2,vapB47
0.2823529411764706,guaB2
0.33766233766233766,Rv3424c
0.18181818181818182,Rv3433c
0.2698412698412698,esxU
0.17567567567567569,Rv3446c
0.18518518518518517,mycP4
0.2054794520547945,rmlC
0.2191780821917808,lipF
0.2,otsA
0.25,mce4C
0.2714285714285714,fadE27
0.14084507042253522,fadD19
0.2857142857142857,ltp3
0.23376623376623376,Rv3531c
0.20512820512820512,PPE61-PPE62
0.2222222222222222,kstD
0.24705882352941178,ltp2
0.2631578947368421,fdxB
0.2318840579710145,fadE30-fadD3
0.20987654320987653,Rv3591c
0.24358974358974358,lysS
0.19753086419753085,folK
0.2876712328767123,espA-ephA
0.23376623376623376,Rv3618
0.21348314606741572,esxV
0.2463768115942029,esxW
0.3442622950819672,Rv3635-Rv3636
0.13924050632911392,nth
0.2571428571428571,crp
0.2535211267605634,crp-Rv3677c
0.2361111111111111,Rv3680
0.22666666666666666,ponA2
0.25,Rv3689
0.23880597014925373,Rv3691
0.21212121212121213,Rv3694c
0.2564102564102564,recR
0.29411764705882354,Rv3722c
0.25,cut5b
0.2898550724637681,Rv3725
0.23684210526315788,Rv3727
0.2542372881355932,Rv3729
0.3492063492063492,PPE67-Rv3740c
0.36065573770491804,Rv3745c-PE34
0.23376623376623376,Rv3747-Rv3748
0.1625,proV
0.1625,proX
0.28888888888888886,Rv3769-Rv3770c
0.2631578947368421,echA21
0.2857142857142857,Rv3776
0.2222222222222222,glfT1
0.17391304347826086,Rv3788
0.19148936170212766,fadE35
0.17543859649122806,pks13
0.2375,fadD32
0.2987012987012987,fadD32-Rv3802c
0.25,aftB
0.2361111111111111,papA2
0.21052631578947367,fadD23
0.2972972972972973,Rv3835
0.23943661971830985,Rv3837c
0.17391304347826086,ncrMT3949
0.2702702702702703,MTS2975-Rv3844
0.21951219512195122,Rv3845-sodA
0.3058823529411765,gltB-Rv3860
0.23655913978494625,Rv3863-espE
0.21818181818181817,espI
0.26865671641791045,espK
0.19117647058823528,espK-espL
0.24675324675324675,mutT4
0.2361111111111111,Rv3910
0.22058823529411764,gid
0.18032786885245902,Rv3920c-Rv3921c
0.2875,Rv0191
0.2289156626506024,aftD
0.2,PE_PGRS17-Rv0979c
0.12280701754385964,cut1
0.31666666666666665,pks12
0.22058823529411764,pks15
0.21739130434782608,pstP
0.20270270270270271,Rv0080
0.23943661971830985,Rv0093c
0.234375,ctpI
0.28205128205128205,fadD5
0.25925925925925924,Rv0192A
0.2222222222222222,Rv0193c
0.20270270270270271,Rv0197
0.15714285714285714,Rv0205
0.2835820895522388,lipW
0.2702702702702703,Rv0257
0.21686746987951808,Rv0275c
0.22058823529411764,Rv0312
0.16279069767441862,iniA
0.26865671641791045,Rv0359
0.2857142857142857,Rv0370c
0.28378378378378377,Rv0377
0.13846153846153847,purT
0.1956521739130435,ctpH
0.21428571428571427,Rv0431
0.21739130434782608,Rv0434
0.18181818181818182,moeA2
0.24358974358974358,Rv0484c
0.21052631578947367,proC
0.2463768115942029,mce2C
0.2597402597402597,lpqO
0.275,Rv0610c
0.23943661971830985,Rv0621
0.22972972972972974,rplO
0.24242424242424243,xylB
0.19402985074626866,purB
0.21428571428571427,Rv0818
0.21666666666666667,Rv0822c
0.32098765432098764,Rv0851c
0.20689655172413793,Rv0909
0.2815533980582524,pstS2
0.25,sucD
0.27848101265822783,mprA
0.22972972972972974,Rv0992c
0.265625,moeA1
0.27631578947368424,Rv0996
0.2542372881355932,pabB
0.1746031746031746,Rv1012
0.28,lpqU
0.27419354838709675,pra
0.20512820512820512,ppdK
0.2054794520547945,Rv1178
0.25,esxL
0.21212121212121213,Rv1215c
0.23684210526315788,Rv1226c
0.25263157894736843,Rv1250
0.2676056338028169,deaD
0.1927710843373494,Rv1262c
0.21052631578947367,lprB
0.20253164556962025,Rv1301
0.24324324324324326,glgB
0.19047619047619047,glgP
0.2537313432835821,moeY
0.2361111111111111,Rv1375
0.1724137931034483,carB
0.28205128205128205,vapC10
0.2537313432835821,fmu
0.20987654320987653,ribG
0.15492957746478872,Rv1425
0.24,echA12
0.22388059701492538,Rv1504c
0.25316455696202533,mmpL6
0.1935483870967742,nadC
0.23404255319148937,Rv1624c
0.23170731707317074,pks9
0.30434782608695654,cmr
0.20833333333333334,Rv1707
0.23376623376623376,Rv1708
0.24242424242424243,narX
0.2441860465116279,bacA
0.2463768115942029,Rv1870c
0.17567567567567569,lppD
0.3333333333333333,aao
0.2289156626506024,Rv1949c
0.22727272727272727,Rv1979c
0.2698412698412698,Rv1998c
0.30120481927710846,Rv2036
0.2465753424657534,Rv2083
0.3026315789473684,mptA
0.2318840579710145,fadD15
0.2191780821917808,cobS
0.2345679012345679,Rv2227
0.2236842105263158,Rv2240c
0.22388059701492538,sseB
0.2236842105263158,Rv2306A
0.22784810126582278,mez
0.25396825396825395,zur
0.2711864406779661,Rv2395
0.26582278481012656,Rv2415c
0.25316455696202533,tig
0.3,plsC
0.2835820895522388,nusB
0.325,Rv2559c
0.23255813953488372,Rv2599
0.25,Rv2628
0.2413793103448276,Rv2660c
0.16455696202531644,Rv2668
0.2,Rv2683
0.25,Rv2690c
0.2,Rv2714
0.26666666666666666,lppV
0.13636363636363635,Rv2813
0.15384615384615385,Rv2837c
0.24096385542168675,Rv2877c
0.3709677419354839,fadD26
0.20652173913043478,ppsB
0.2916666666666667,ppsE
0.2247191011235955,drrA
0.2564102564102564,gatA
0.2,Rv3096
0.12280701754385964,fprA
0.25,Rv3128c
0.22340425531914893,devS
0.17543859649122806,pflA
0.27692307692307694,nuoI
0.2608695652173913,Rv3185-Rv3186
0.20588235294117646,Rv3190c
0.12941176470588237,Rv3193c
0.24444444444444444,Rv3200c
0.22058823529411764,lpqB
0.22727272727272727,rmlD
0.2638888888888889,purE
0.18666666666666668,pmmB
0.2972972972972973,sapM
0.2125,Rv3371
0.20833333333333334,echA18
0.2463768115942029,dxs2-Rv3380c
0.26582278481012656,Rv3381c-lytB1
0.2753623188405797,cmaA1
0.28378378378378377,Rv3395c
0.18032786885245902,Rv3475-kgtP
0.25,Rv3479
0.21839080459770116,Rv3551
0.325,Rv3555c
0.28169014084507044,hsaA
0.25609756097560976,Rv3627c
0.2537313432835821,dppA
0.25757575757575757,glpK
0.3125,dnaQ
0.208955223880597,Rv3753c
0.23333333333333334,tcrY
0.24242424242424243,embC
0.17721518987341772,embB
0.275,ubiA
0.1780821917808219,Rv3822
0.3492063492063492,mmpL8
0.23255813953488372,Rv3843c
0.25757575757575757,gltB
0.20253164556962025,whiB6-Rv3863
0.25333333333333335,esxD
0.17857142857142858,Rv3899c
0.23863636363636365,Rv3909
0.15789473684210525,Rv1319c
0.2073170731707317,Rv1371
0.2608695652173913,Rv0133
0.34375,ctpD
0.21428571428571427,Rv1668c
0.171875,gnd1
0.27380952380952384,Rv1883c
0.24675324675324675,Rv1888c
0.23943661971830985,Rv1976c-Rv1977
0.2714285714285714,Rv2016
0.3559322033898305,Rv2106-PE22
0.19718309859154928,fhaA
0.2608695652173913,Rv2250A
0.23376623376623376,Rv3060c-fadE22
0.26153846153846155,idsB
0.2,Rv3453
0.26865671641791045,Rv3655c
0.2361111111111111,sigM
0.2857142857142857,Rv0064-vapB1
0.28169014084507044,rplW-rplB
0.25,Rv0031-bioF2
0.2571428571428571,Rv0576
0.23076923076923078,ptrBb-emrB
0.22857142857142856,impA
0.3,lppJ
0.1917808219178082,echA1
0.273972602739726,Rv0258c
0.21794871794871795,fadD2
0.2638888888888889,pcp
0.22093023255813954,lpqJ
0.29411764705882354,phoP
0.25333333333333335,purD
0.2692307692307692,cpsY
0.29069767441860467,ctpE
0.2727272727272727,Rv0959-vapB9
0.29577464788732394,fadD14
0.26153846153846155,Rv1063c-lpqV
0.24096385542168675,Rv1087A
0.13924050632911392,tal
0.25675675675675674,Rv1507c
0.23076923076923078,Rv1516c-Rv1517
0.21621621621621623,Rv1517
0.24050632911392406,treX
0.2261904761904762,uvrB
0.29333333333333333,Rv1877
0.19736842105263158,echA13-Rv1936
0.29333333333333333,Rv2030c
0.23076923076923078,cobI
0.2571428571428571,metH
0.19402985074626866,Rv2228c
0.23529411764705882,kasA
0.2608695652173913,Rv2295
0.30985915492957744,Rv2407-PE24
0.2222222222222222,bkdA-citE
0.27586206896551724,dhaA
0.27710843373493976,cadI-Rv2642
0.3287671232876712,Rv2647-Rv2648
0.2564102564102564,Rv2652c-Rv2653c
0.25,fadD29
0.265625,pgmA
0.25287356321839083,desA3
0.32142857142857145,secA1
0.2,trpS
0.1746031746031746,choD
0.32432432432432434,rpoA-rpsD
0.15384615384615385,rmlB
0.22784810126582278,Rv3611
0.265625,dppB
0.2608695652173913,Rv3693
0.29069767441860467,oplA
0.30120481927710846,PE_PGRS9-PE_PGRS10
0.23943661971830985,murF
0.2328767123287671,embR
0.2537313432835821,Rv1318c
0.2,Rv1765c-Rv1765A
0.30434782608695654,Rv2263
0.17567567567567569,Rv3183-Rv3184
0.1864406779661017,Rv0010c-Rv0011c
0.19696969696969696,Rv1290c
0.234375,Rv1682
0.1951219512195122,Rv2084
0.21794871794871795,helY-tatC
0.14285714285714285,Rv2262c
0.2542372881355932,Rv2293c
0.34285714285714286,Rv3427c-Rv3428c
0.30434782608695654,rpsM-rpmJ
0.25301204819277107,Rv0036c
0.2765957446808511,fgd2
0.1791044776119403,Rv0269c
0.2619047619047619,fadD8
0.2857142857142857,Rv0712-Rv0713
0.2602739726027397,Rv0831c
0.1917808219178082,Rv1509
0.22972972972972974,helZ
0.18823529411764706,Rv2370c
0.19767441860465115,Rv2566
0.25396825396825395,Rv3091
0.24242424242424243,Rv3239c
0.27941176470588236,acs
0.18518518518518517,Rv3728
0.2222222222222222,Rv3785
0.21794871794871795,eccD2
0.2459016393442623,Rv0037c
0.25,Rv0146
0.2537313432835821,Rv0147
0.275,Rv0323c
0.18571428571428572,Rv0339c
0.136986301369863,mmpL1
0.21212121212121213,pknG
0.28205128205128205,psd
0.2727272727272727,Rv0466-icl1
0.15853658536585366,Rv0481c
0.17391304347826086,Rv0487-Rv0488
0.2028985507246377,hemC
0.1951219512195122,Rv0537c-Rv0538
0.2375,menD
0.25316455696202533,Rv0575c-Rv0576
0.16666666666666666,recC
0.32786885245901637,atsA
0.14285714285714285,rslA
0.28735632183908044,phoR
0.2361111111111111,cysK2
0.21052631578947367,rpfA
0.2375,fadE10
0.24193548387096775,pgi-Rv0947c
0.3,Rv1052
0.2222222222222222,Rv1105
0.19753086419753085,zwf1
0.32432432432432434,fdxC
0.3055555555555556,Rv1179c
0.2465753424657534,fadD21
0.2676056338028169,sigI
0.2361111111111111,mdh
0.24719101123595505,Rv1357c
0.2682926829268293,Rv1363c-mcr15
0.21333333333333335,Rv1364c-rsfA
0.2711864406779661,cyp132
0.20481927710843373,nlhH-lipI
0.2054794520547945,Rv1465
0.24358974358974358,trxB1
0.26582278481012656,Rv1616-pykA
0.2692307692307692,engA-Rv1714
0.21739130434782608,modC
0.25287356321839083,Rv1896c
0.23333333333333334,lipJ
0.18867924528301888,Rv1914c
0.1791044776119403,Rv1937
0.296875,Rv1947-Rv1948c
0.20987654320987653,yrbE3A
0.2911392405063291,erm(37)-Rv1989c
0.2878787878787879,Rv1996
0.29850746268656714,Rv2011c
0.18604651162790697,Rv2113
0.14285714285714285,cyp124-Rv2267c
0.23529411764705882,Rv2294
0.29213483146067415,cut2
0.24324324324324326,Rv2307B-Rv2307D
0.26865671641791045,Rv2387
0.2833333333333333,oxyR
0.2318840579710145,orn-hisT
0.3442622950819672,Rv2514c
0.16666666666666666,fas
0.24719101123595505,Rv2631
0.2894736842105263,arsC
0.2727272727272727,Rv2751
0.25,Rv2765
0.32432432432432434,Rv2828A
0.3258426966292135,pyrH-Rv2884
0.2537313432835821,ffh
0.23333333333333334,tesA
0.2835820895522388,Rv2968c
0.25,leuD
0.2777777777777778,Rv2991
0.27710843373493976,Rv3032A
0.2857142857142857,Rv3067
0.19767441860465115,Rv3083
0.3048780487804878,fadE23
0.3146067415730337,Rv3177-Rv3178
0.19672131147540983,Rv3194c-Rv3195
0.16901408450704225,ppk2
0.29508196721311475,fbiB-Rv3263
0.3157894736842105,otsB2
0.275,infA-Rv3463
0.20754716981132076,kshA
0.20270270270270271,lpqE
0.2,mhuD
0.28378378378378377,Rv3784
0.27631578947368424,pirG
0.23333333333333334,espB
0.20454545454545456,eccE2
0.3150684931506849,Rv0914c
0.22857142857142856,Rv1084
0.2535211267605634,Rv2168c-Rv2169c
0.2535211267605634,accE5
0.2463768115942029,vapB37-Rv2105
0.2537313432835821,PE27A-esxR
0.22972972972972974,hspR
0.17391304347826086,ponA1
0.2676056338028169,Rv0029-Rv0030
0.2,Rv0296c
0.22093023255813954,omt
0.25333333333333335,bisC-Rv1443c
0.2698412698412698,cycA
0.20270270270270271,cobH
0.34782608695652173,cfp2
0.26881720430107525,Rv2551c
0.2972972972972973,mesT-Rv3177
0.3670886075949367,PE_PGRS50-Rv3346c
0.17391304347826086,nrp
0.19444444444444445,ctpB-Rv0104
0.24324324324324326,Rv0426c
0.2962962962962963,Rv0458
0.25675675675675674,Rv0528
0.14285714285714285,TB27.3
0.2289156626506024,vapB4
0.22058823529411764,Rv0634c
0.2692307692307692,Rv0681
0.25555555555555554,pheU-PE_PGRS12
0.23376623376623376,rpfB
0.26229508196721313,Rv1104
0.21686746987951808,Rv1140
0.3283582089552239,mmpL13a
0.33783783783783783,folP2
0.22641509433962265,glgC
0.2463768115942029,Rv1272c
0.208955223880597,mmpL12
0.22580645161290322,Rv1627c
0.2318840579710145,uvrA
0.22535211267605634,pks11
0.2702702702702703,PPE33-Rv1810
0.22666666666666666,aceAb
0.18571428571428572,lppF
0.20833333333333334,Rv1922
0.24242424242424243,Rv2042c
0.23529411764705882,ppm1
0.26666666666666666,dop
0.22413793103448276,Rv2258c-mscR
0.19402985074626866,Rv2282c
0.3508771929824561,uspC
0.13793103448275862,dgt-Rv2345
0.23728813559322035,cysA1
0.2702702702702703,eis
0.2191780821917808,Rv2715
0.27631578947368424,miaA
0.16216216216216217,pepR
0.23728813559322035,serA1
0.22033898305084745,Rv3074
0.2876712328767123,pknK
0.358974358974359,moaR1-PPE49
0.27692307692307694,Rv3167c
0.20270270270270271,Rv3191c-metU
0.2777777777777778,dnaE2
0.171875,Rv3401
0.2191780821917808,cut4-Rv3453
0.2753623188405797,radA
0.19444444444444445,Rv3742c-ctpJ
0.24324324324324326,ctpJ
0.25675675675675674,Rv3770c-Rv3770A
0.18604651162790697,ethA
0.19148936170212766,mycP2
0.26666666666666666,Rv3898c-Rv3899c
0.24615384615384617,Rv0051
0.3055555555555556,Rv0218
0.23943661971830985,galK
0.25,pknH
0.2608695652173913,murG
0.27631578947368424,ftsW
0.2112676056338028,mbtI
0.14285714285714285,Rv3649
0.21666666666666667,glyA2
0.2647058823529412,Rv0071
0.21333333333333335,Rv1754c
0.25862068965517243,Rv2277c
0.2054794520547945,esxR-esxS
0.25,pstS1
0.3108108108108108,lprP
0.2159090909090909,Rv2319c
0.21333333333333335,Rv2435c
0.28735632183908044,vapB1
0.2028985507246377,Rv0756c-phoP
0.24175824175824176,Rv1894c
0.2696629213483146,Rv3860
0.17105263157894737,rplI
0.1875,lpqM
0.25333333333333335,Rv0817c
0.2926829268292683,pstB
0.2289156626506024,Rv1057
0.27692307692307694,Rv1125
0.2857142857142857,adh
0.234375,cfp21-Rv1985c
0.20253164556962025,Rv2041c
0.27941176470588236,plcB
0.2727272727272727,mbtB-mbtA
0.20253164556962025,Rv2958c
0.275,cstA
0.22535211267605634,Rv3194c
0.19444444444444445,Rv3218-whiB1
0.1935483870967742,Rv3334
0.2571428571428571,alr
0.24691358024691357,Rv3434c
0.325,lprF-Rv1369c
0.2647058823529412,Rv2434c
0.2465753424657534,Rv1729c-Rv1730c
0.3111111111111111,ndhA-Rv0393
0.21621621621621623,ptrBb
0.26582278481012656,Rv0836c
0.19230769230769232,Rv1358
0.25675675675675674,eccC4
0.2,trpG
0.2073170731707317,Rv0052
0.2535211267605634,Rv0110
0.1891891891891892,Rv0111-gca
0.1891891891891892,Rv0139
0.24193548387096775,Rv0181c
0.25,mmpL11
0.27692307692307694,Rv0209
0.22535211267605634,fadB2
0.30120481927710846,mce2A
0.17391304347826086,B55
0.27941176470588236,Rv0654
0.16417910447761194,rplD
0.16393442622950818,Rv0845
0.30434782608695654,uvrD1
0.2923076923076923,kdpD
0.22972972972972974,echA9
0.19696969696969696,Rv1200
0.21518987341772153,htrA
0.2857142857142857,argS
0.234375,Rv1567c
0.2,lgt-Rv1615
0.3508771929824561,pks17
0.21333333333333335,Rv1672c
0.13432835820895522,malQ
0.21951219512195122,Rv1866
0.1935483870967742,Rv1898
0.21739130434782608,rpmB2
0.21428571428571427,panB
0.3,Rv2422-Rv2423
0.19117647058823528,Rv2513
0.22727272727272727,Rv2522c
0.29850746268656714,Rv2558-Rv2559c
0.2891566265060241,Rv2578c-dhaA
0.2702702702702703,Rv2743c
0.1875,Rv2807-Rv2808
0.14457831325301204,amt-ftsY
0.20270270270270271,pks1
0.21518987341772153,pca
0.288135593220339,Rv3175
0.29850746268656714,Rv3189
0.20253164556962025,alkB
0.22972972972972974,lprN
0.23529411764705882,Rv3603c
0.16417910447761194,Rv3651-mpr18
0.2878787878787879,ligC
0.2804878048780488,Rv3770c
0.2714285714285714,Rv3831
0.22916666666666666,espH
0.24050632911392406,Rv3898c
0.21212121212121213,Rv3346c
0.22666666666666666,Rv0026
0.2236842105263158,Rv0074
0.2236842105263158,fadE3
0.25882352941176473,mmpS1-fadD30
0.22972972972972974,Rv0443
0.23684210526315788,Rv0614
0.2727272727272727,galTb
0.15853658536585366,Rv0698
0.24615384615384617,far-Rv0856
0.2777777777777778,lprP-Rv0963c
0.3333333333333333,Rv0966c
0.23076923076923078,mcr
0.2987012987012987,Rv1148c-Rv1149
0.21739130434782608,Rv1204c
0.22727272727272727,Rv1260
0.19402985074626866,fadD11
0.2727272727272727,treZ
0.2564102564102564,pks10
0.22727272727272727,Rv1778c
0.22388059701492538,Rv1804c-Rv1805c
0.22666666666666666,Rv1810
0.20833333333333334,Rv1841c
0.2,Rv1895
0.2608695652173913,lipJ-cinA
0.28378378378378377,fadB5
0.189873417721519,Rv1924c
0.3116883116883117,Rv1977
0.20634920634920634,cobK
0.26865671641791045,Rv2189c
0.16216216216216217,cyp128
0.3026315789473684,Rv2275
0.2702702702702703,stp
0.2537313432835821,Rv2553c
0.38095238095238093,Rv2574
0.30303030303030304,TB31.7
0.16216216216216217,Rv2630-Rv2631
0.22580645161290322,Rv2699c-Rv2700
0.171875,Rv2777c
0.3230769230769231,Rv2953
0.21052631578947367,Rv2980-ddlA
0.2328767123287671,Rv2994
0.21518987341772153,Rv3007c
0.2857142857142857,Rv3037c
0.22388059701492538,Rv3128c-Rv3129
0.24705882352941178,Rv3129
0.2857142857142857,aofH
0.22058823529411764,tgs3
0.30303030303030304,Rv3337
0.25,Rv3401-Rv3402c
0.22784810126582278,lipF-Rv3488
0.2463768115942029,Rv3716c
0.22727272727272727,Rv3798-accD4
0.22033898305084745,Rv3836
0.20987654320987653,Rv3848-espR
0.15873015873015872,espE
0.14666666666666667,espJ
0.1917808219178082,Rv3903c
0.2328767123287671,gyrB
0.21686746987951808,gyrA
0.14457831325301204,ileT-alaT
0.2391304347826087,ppiA-Rv0010c
0.2647058823529412,Rv0010c
0.22666666666666666,rodA
0.2413793103448276,Rv0021c
0.24074074074074073,Rv0030
0.27848101265822783,celA1
0.26373626373626374,celA1-Rv0063
0.3108108108108108,Rv0063-Rv0064
0.3150684931506849,Rv0067c
0.3055555555555556,Rv0075
0.208955223880597,ctpA
0.3108108108108108,Rv0102
0.19718309859154928,ldtA
0.14666666666666667,treS-mak
0.2571428571428571,Rv0143c
0.2638888888888889,Rv0144
0.28125,Rv0144-Rv0145
0.25555555555555554,Rv0150c-PE1
0.3142857142857143,adhE1
0.3,yrbE1A
0.19117647058823528,Rv0180c
0.24050632911392406,Rv0193c-Rv0194
0.2804878048780488,Rv0210
0.2727272727272727,Rv0213c
0.18666666666666668,lipC
0.27710843373493976,Rv0224c
0.2619047619047619,vapB24
0.2804878048780488,htdX
0.21052631578947367,vapB2
0.203125,Rv0309
0.26153846153846155,cyp135A1
0.25,Rv0329c
0.2923076923076923,Rv0331
0.23809523809523808,dnaK
0.23809523809523808,dnaJ1
0.2571428571428571,hspR-PPE7
0.3230769230769231,Rv0361-mgtE
0.24096385542168675,Rv0374c-Rv0375c
0.22077922077922077,Rv0386
0.17721518987341772,ndhA
0.15714285714285714,fgd1
0.20512820512820512,thiG
0.22077922077922077,Rv0433
0.2222222222222222,moeA2-Rv0439c
0.3780487804878049,Rv0448c
0.2413793103448276,mmpL4
0.26666666666666666,Rv0452-PPE11
0.2441860465116279,Rv0465c
0.1794871794871795,fadB2-umaA
0.24358974358974358,umaA
0.3253012048192771,Rv0473
0.19736842105263158,Rv0479c
0.21052631578947367,serB1
0.23880597014925373,hemL
0.20689655172413793,Rv0541c
0.2631578947368421,menE
0.2597402597402597,Rv0552
0.3194444444444444,Rv0571c
0.3050847457627119,Rv0628c
0.2804878048780488,recB
0.23255813953488372,echA3
0.19444444444444445,Rv0633c
0.26229508196721313,secE1
0.2,Rv0653c-Rv0654
0.24390243902439024,mkl
0.2463768115942029,vapB6-Rv0658c
0.22093023255813954,Rv0658c
0.2318840579710145,rpoC
0.29850746268656714,rpoC-Rv0669c
0.17142857142857143,fadE8
0.19718309859154928,tuf-Rv0686
0.2676056338028169,Rv0699-rpsJ
0.25925925925925924,Rv0725c
0.18604651162790697,Rv0726c
0.24285714285714285,vapC31
0.23809523809523808,Rv0756c
0.24,adhB
0.2112676056338028,Rv0762c
0.19718309859154928,Rv0776c-purB
0.23376623376623376,cyp126
0.1791044776119403,Rv0791c
0.2857142857142857,Rv0802c
0.22727272727272727,thiX
0.2361111111111111,phoT
0.23684210526315788,Rv0843-narL
0.2916666666666667,Rv0856
0.27631578947368424,Rv0876c-Rv0877
0.21052631578947367,Rv0897c
0.25675675675675674,Rv0906
0.23076923076923078,Rv0911
0.08695652173913043,betP
0.21666666666666667,betP-Rv0918
0.14473684210526316,Rv0923c
0.2,mntH
0.2054794520547945,Rv0925c
0.2631578947368421,pstS3
0.35714285714285715,ligD
0.2542372881355932,Rv0942
0.2537313432835821,Rv0950c
0.2857142857142857,accA2
0.2318840579710145,accD2
0.22727272727272727,arcA
0.3188405797101449,metS
0.2911392405063291,Rv1012-pks16
0.24242424242424243,mfd
0.22058823529411764,trcS
0.30303030303030304,Rv1043c
0.32,Rv1050
0.2222222222222222,Rv1061
0.1875,Rv1063c
0.24242424242424243,Rv1069c
0.24,fadA3
0.24324324324324326,glpX
0.27631578947368424,Rv1109c
0.2261904761904762,Rv1111c
0.25396825396825395,Rv1129c-prpD
0.3055555555555556,metE
0.28,Rv1134-PPE16
0.30120481927710846,Rv1158c
0.2647058823529412,pks3
0.28205128205128205,papA3
0.24285714285714285,Rv1194c
0.2564102564102564,dapD
0.2222222222222222,tagA
0.25757575757575757,Rv1231c
0.3392857142857143,lpqZ
0.20270270270270271,Rv1248c
0.2692307692307692,Rv1251c
0.265625,Rv1264
0.29333333333333333,Rv1291c-argV
0.25675675675675674,atpG
0.2236842105263158,rrs
0.23880597014925373,rrl
0.28205128205128205,pncB1
0.25,mbtM
0.14084507042253522,irtA
0.23809523809523808,fabG2
0.2833333333333333,Rv1356c-Rv1357c
0.24242424242424243,mcr15
0.2028985507246377,Rv1372
0.21518987341772153,Rv1377c
0.16666666666666666,PPE20-mihF
0.27906976744186046,nlhH
0.23684210526315788,Rv1403c
0.23529411764705882,Rv1405c
0.30357142857142855,lipO
0.30120481927710846,Rv1428c
0.2037037037037037,tpi-Rv1439c
0.36046511627906974,Rv1439c-secG
0.2898550724637681,tkt
0.21518987341772153,PE_PGRS27-ctaB
0.25925925925925924,ctaB
0.22077922077922077,Rv1473A
0.2631578947368421,Rv1500
0.1780821917808219,Rv1503c
0.3026315789473684,Rv1518
0.3424657534246575,Rv1526c
0.19672131147540983,pks5-papA4
0.2878787878787879,fadD24-adh
0.32075471698113206,Rv1534-Rv1535
0.23376623376623376,Rv1543
0.2328767123287671,bioD
0.3116883116883117,Rv1591
0.21428571428571427,lgt
0.22388059701492538,cya
0.22784810126582278,rpsA
0.2948717948717949,Rv1634
0.31343283582089554,tsnR
0.2857142857142857,pheT
0.22580645161290322,argH
0.2112676056338028,argH-pks10
0.26229508196721313,dsbF
0.3561643835616438,recN
0.265625,pyrG
0.2631578947368421,engA
0.2833333333333333,fadB3
0.3114754098360656,Rv1724c
0.25806451612903225,Rv1730c-gabD2
0.25,pknF-Rv1747
0.19101123595505617,fadD1
0.28,Rv1751
0.24242424242424243,Rv1779c
0.20588235294117646,malQ-eccB5
0.275,eccC5
0.25555555555555554,PPE26-PPE27
0.19117647058823528,esxM
0.25,eccE5
0.323943661971831,Rv1836c
0.28378378378378377,Rv1842c
0.2777777777777778,blaI
0.2727272727272727,Rv1855c
0.16455696202531644,Rv1868
0.25,Rv1875
0.2608695652173913,bfrA-Rv1877
0.24,lppE
0.23880597014925373,Rv1889c
0.26582278481012656,furA
0.25,Rv1931c
0.25,tpx
0.21212121212121213,ribA1
0.27419354838709675,Rv1957
0.26582278481012656,mce3R-yrbE3A
0.2236842105263158,mce3F
0.23170731707317074,Rv1975
0.34177215189873417,Rv1993c
0.1891891891891892,Rv1995-Rv1996
0.22950819672131148,Rv1996-ctpF
0.14705882352941177,Rv2003c
0.19672131147540983,otsB1
0.18055555555555555,Rv2035
0.23529411764705882,mazF7
0.18181818181818182,Rv2073c
0.208955223880597,Rv2074
0.20987654320987653,Rv2090
0.20512820512820512,PE21-Rv2100
0.16417910447761194,hisE-PPE37
0.29333333333333333,Rv2132
0.1774193548387097,lppL
0.2465753424657534,TB18.6
0.11864406779661017,Rv2161c
0.19047619047619047,pbpB
0.3013698630136986,pimB
0.1724137931034483,ctaC-asnB
0.22972972972972974,Rv2203
0.35,Rv2205c-Rv2206
0.3235294117647059,Rv2212
0.26153846153846155,rnpB-Rv2227
0.2638888888888889,Rv2230c
0.2112676056338028,mcr16-acpM
0.21176470588235294,Rv2252
0.23076923076923078,Rv2257c
0.25757575757575757,Rv2265
0.2835820895522388,lppN
0.25,Rv2298
0.26595744680851063,Rv2309c-Rv2309A
0.30864197530864196,rocE
0.3472222222222222,narK1
0.22972972972972974,glyS-smtB
0.17391304347826086,smtB
0.2463768115942029,dnaJ2
0.3146067415730337,mbtF
0.1506849315068493,mbtE
0.2857142857142857,mbtJ
0.20689655172413793,hemN
0.2033898305084746,ggtB
0.24675324675324675,Rv2401A-Rv2402
0.21794871794871795,ndkA-Rv2446c
0.24242424242424243,clpX-mmuM
0.2,glbO
0.2236842105263158,Rv2484c
0.273972602739726,hisT-Rv2512c
0.35,vapC19-Rv2548A
0.18518518518518517,Rv2560-mpr11
0.2631578947368421,Rv2570
0.1794871794871795,Rv2575
0.25,relA
0.2537313432835821,vapB40
0.22950819672131148,pgsA1
0.28,Rv2627c-Rv2628
0.2875,Rv2664
0.2537313432835821,Rv2665-Rv2666
0.2459016393442623,Rv2676c
0.19444444444444445,hemY
0.3150684931506849,Rv2680
0.24193548387096775,Rv2712c-sthA
0.24358974358974358,Rv2717c-nrdR
0.24615384615384617,Rv2719c
0.27380952380952384,fadE20-hflX
0.37142857142857144,recA-Rv2737A
0.2857142857142857,Rv2750
0.3235294117647059,Rv2779c
0.31645569620253167,sirR
0.2602739726027397,Rv2815c-Rv2816c
0.328125,Rv2825c
0.27848101265822783,ugpC
0.25,aldC
0.26595744680851063,mpt83-dipZ
0.30666666666666664,Rv2880c
0.2191780821917808,rplS-lppW
0.2125,Rv2913c
0.29333333333333333,Rv2917
0.21333333333333335,glnD
0.2625,Rv2927c
0.22972972972972974,fadD22
0.21621621621621623,Rv2953-Rv2954c
0.2318840579710145,Rv2955c
0.18292682926829268,Rv2956-Rv2957
0.2222222222222222,Rv2959c-Rv2960c
0.3333333333333333,Rv2962c
0.18181818181818182,Rv2962c-Rv2963
0.2987012987012987,Rv2971
0.25396825396825395,recG
0.2125,Rv2974c
0.26229508196721313,Rv2990c
0.34210526315789475,esxR
0.25,Rv3023c-trmU
0.2916666666666667,Rv3026c
0.21875,Rv3027c
0.25333333333333335,Rv3032A-Rv3033
0.2571428571428571,ctaD
0.2077922077922078,adhC
0.14705882352941177,cyp136-Rv3060c
0.1746031746031746,cstA-Rv3064c
0.265625,Rv3066-Rv3067
0.2823529411764706,Rv3071
0.1125,Rv3079c
0.25,virS
0.21428571428571427,Rv3085
0.2361111111111111,Rv3087
0.05357142857142857,Rv3093c
0.24705882352941178,moaC1
0.25333333333333335,tgs1
0.25757575757575757,Rv3161c
0.2727272727272727,TB7.3
0.21951219512195122,fadE25
0.24358974358974358,Rv3277
0.2465753424657534,birA
0.2054794520547945,lat
0.3157894736842105,lat-lrpA
0.21839080459770116,lrpA
0.3382352941176471,atsB
0.19117647058823528,phoY1
0.25862068965517243,glpD2
0.2702702702702703,sdhC
0.275,dacB1
0.26865671641791045,Rv3355c
0.25333333333333335,folD
0.23529411764705882,Rv3362c
0.2702702702702703,otsB2-echA18
0.1935483870967742,amiD
0.2028985507246377,dxs2
0.16923076923076924,Rv3394c
0.21875,guaA
0.25,idsA1
0.3157894736842105,gadB
0.2564102564102564,Rv3435c-glmS
0.24675324675324675,rpsI
0.2692307692307692,rmlC-Rv3466
0.3142857142857143,Rv3472
0.2597402597402597,kgtP
0.2926829268292683,Rv3480c
0.2839506172839506,Rv3482c
0.26229508196721313,Rv3502c
0.2692307692307692,fadE26
0.2894736842105263,Rv3510c
0.3333333333333333,fadD19-echA19
0.2073170731707317,Rv3521
0.23809523809523808,Rv3524
0.26506024096385544,Rv3525c
0.2916666666666667,Rv3530c
0.2054794520547945,hsaG
0.22058823529411764,Rv3549c-echA20
0.3055555555555556,fadE31
0.2318840579710145,lppH-Rv3577
0.2835820895522388,ispF
0.21428571428571427,ispD
0.19444444444444445,clpC1
0.2898550724637681,Rv3630
0.16666666666666666,Rv3645
0.3291139240506329,topA
0.20512820512820512,MTS2823-Rv3662c
0.18421052631578946,Rv3684
0.24285714285714285,moxR2
0.21568627450980393,Rv3694c-Rv3695
0.23529411764705882,Rv3699
0.1891891891891892,Rv3719
0.20270270270270271,Rv3732
0.3709677419354839,Rv3736
0.16666666666666666,tyrA
0.275,Rv3771c-argU
0.22535211267605634,embA
0.20588235294117646,Rv3811
0.23943661971830985,Rv3832c
0.23529411764705882,Rv3833
0.3888888888888889,whiB6
0.2753623188405797,eccA1
0.21621621621621623,Rv3896c
0.29411764705882354,Rv3897c
0.26666666666666666,Rv3921c
0.20930232558139536,Rv2012-Rv2013
0.22972972972972974,Rv3901c
0.27419354838709675,Rv1637c
0.2727272727272727,rpmJ
0.13846153846153847,Rv0504c-serB1
0.2153846153846154,vapC2-Rv0302
0.22388059701492538,Rv1190
0.1506849315068493,Rv1734c-Rv1735c
0.2361111111111111,B11
0.22727272727272727,treS
0.20967741935483872,Rv0149
0.25,yrbE2A
0.2676056338028169,mce2D
0.2,Rv0837c
0.3,Rv1019
0.30303030303030304,kdpB
0.18055555555555555,cbs-pra
0.16417910447761194,Rv1104-Rv1105
0.35526315789473684,mrp
0.3387096774193548,Rv1303
0.2625,vapB10-nlhH
0.3287671232876712,Rv1598c
0.14285714285714285,Rv1610
0.2535211267605634,PPE22-PPE23
0.12658227848101267,lipD
0.23529411764705882,Rv2019
0.23684210526315788,metH-Rv2125
0.24358974358974358,lppM
0.21875,mbtD
0.2564102564102564,gdh
0.28205128205128205,thrS
0.23529411764705882,Rv2672
0.25333333333333335,arsA
0.18421052631578946,sthA
0.21428571428571427,Rv2752c
0.2923076923076923,Rv2805
0.2602739726027397,Rv2826c
0.2926829268292683,Rv2864c
0.18055555555555555,Rv2898c-fdhD
0.25396825396825395,Rv2954c
0.19736842105263158,lpqA-esxQ
0.24050632911392406,Rv3202c-lipV
0.3333333333333333,Rv3224
0.3050847457627119,Rv3335c-trpS
0.19402985074626866,Rv3338
0.31645569620253167,Rv3413c
0.27586206896551724,mce4A
0.3148148148148148,PE_PGRS58-Rv3591c
0.2,Rv3633
0.22857142857142856,Rv3901c-Rv3902c
0.19117647058823528,Rv3845
0.32857142857142857,PPE36-prcA
0.325,Rv0521
0.3472222222222222,Rv1004c
0.16455696202531644,Rv1566c
0.25396825396825395,ssb
0.203125,Rv0412c-mutT3
0.28,echA2
0.20689655172413793,Rv0584
0.3076923076923077,Rv0744c
0.33766233766233766,Rv0784
0.2463768115942029,Rv0794c
0.140625,galU
0.2289156626506024,lpqX-mrp
0.25,prfA
0.25,PE_PGRS28-Rv1453
0.29850746268656714,Rv1457c
0.27419354838709675,ripA
0.23809523809523808,mutB
0.23809523809523808,mscR
0.27419354838709675,yjcE
0.27941176470588236,Rv2326c
0.16901408450704225,Rv2513-Rv2514c
0.22535211267605634,Rv2520c
0.21951219512195122,Rv2609c
0.2236842105263158,arsA-arsB1
0.24675324675324675,hsdM-vapC21
0.3815789473684211,cysG
0.24285714285714285,Rv2910c
0.2318840579710145,ligB
0.26865671641791045,agpS
0.23170731707317074,Rv3134c
0.16901408450704225,Rv3312A
0.2647058823529412,PE32-lpqG
0.25757575757575757,hisC2
0.27419354838709675,Rv2975c
0.25,pbpA
0.1875,Rv0518
0.24,Rv0829-Rv0830
0.2926829268292683,Rv0895
0.26153846153846155,Rv0913c
0.16923076923076924,Rv0963c
0.2222222222222222,Rv1136
0.20253164556962025,narI
0.2345679012345679,ppnK
0.26865671641791045,Rv1738
0.2125,erg3
0.29333333333333333,lipZ
0.2463768115942029,cmtR-Rv1995
0.29411764705882354,Rv2664-Rv2665
0.22093023255813954,mapB
0.20512820512820512,Rv2997-Rv2998
0.28205128205128205,dinP
0.3269230769230769,Rv3177
0.16883116883116883,uvrD2
0.2702702702702703,Rv3400
0.21666666666666667,rpoA
0.24390243902439024,fadE30
0.2835820895522388,Rv3767c
0.24242424242424243,fbpA
0.2535211267605634,PPE9-purT
0.2727272727272727,Rv2147c
0.30303030303030304,Rv1866-Rv1867
0.2976190476190476,ptrBa
0.27631578947368424,vapC24
0.20270270270270271,Rv0471c
0.27586206896551724,Rv2022c-Rv2023c
0.2923076923076923,lppP
0.31746031746031744,Rv3254
0.2835820895522388,Rv0140
0.25862068965517243,Rv0148
0.2,mce1A
0.15853658536585366,Rv0194-Rv0195
0.22807017543859648,Rv0401-mmpL1
0.22972972972972974,glnH
0.2926829268292683,def-Rv0430
0.25,vapB4-Rv0597c
0.22727272727272727,Rv0687
0.2676056338028169,Rv0737
0.14473684210526316,mshD
0.2898550724637681,Rv0845-Rv0846c
0.23809523809523808,fadB
0.24242424242424243,Rv1056-Rv1057
0.2711864406779661,gnd2
0.22666666666666666,Rv1171
0.21875,PE12-fbiC
0.19318181818181818,Rv1277
0.29347826086956524,Rv1288
0.22727272727272727,atpD
0.2876712328767123,lipL-Rv1498c
0.15942028985507245,trpE
0.2608695652173913,Rv1667c
0.25882352941176473,vapB12-Rv1722
0.2631578947368421,pknE
0.18604651162790697,Rv1765A-Rv1766
0.15254237288135594,ctpG
0.1875,Rv2022c
0.30303030303030304,mshC
0.2222222222222222,Rv2307c-Rv2307A
0.275,rocD1
0.2702702702702703,Rv2414c
0.21739130434782608,ruvB
0.14925373134328357,Rv2897c
0.23880597014925373,aroA
0.37681159420289856,Rv3241c
0.21739130434782608,deoD
0.2361111111111111,Rv3481c-Rv3482c
0.25609756097560976,Rv3705c
0.21333333333333335,eccCb1-PE35
0.2413793103448276,AS1726
0.34615384615384615,Rv0024-Rv0025
0.22058823529411764,sdaA
0.1388888888888889,Rv0077c-Rv0078
0.2898550724637681,Rv0079
0.2876712328767123,hycQ
0.3,Rv0102-ctpB
0.29508196721311475,mak
0.25,ptbB
0.24324324324324326,Rv0293c
0.2222222222222222,iniB
0.16,gpdA1
0.19696969696969696,secY
0.2222222222222222,Rv0830
0.2835820895522388,Rv0979c
0.21311475409836064,mscL
0.140625,Rv1053c-Rv1054
0.1728395061728395,Rv1060
0.27848101265822783,Rv1356c
0.2413793103448276,ureD
0.1780821917808219,yrbE3B
0.20454545454545456,Rv2077A-Rv2078
0.22058823529411764,Rv2251
0.34782608695652173,rocD2
0.19718309859154928,dctA
0.3230769230769231,Rv2455c
0.2463768115942029,Rv2491
0.2413793103448276,Rv2576c
0.2839506172839506,Rv2663
0.2875,rip
0.2571428571428571,dacB2
0.2537313432835821,fadD13-Rv3090
0.28846153846153844,Rv3108
0.20512820512820512,Rv3179-Rv3180c
0.2222222222222222,Rv3404c
0.25,Rv3491
0.3448275862068966,Rv3519
0.273972602739726,cyp125
0.23684210526315788,glf
0.2564102564102564,Rv3840-bfrB
0.2647058823529412,eccE1
0.2054794520547945,gid-Rv3920c
0.25,lppU
0.27058823529411763,Rv3668c-Rv3669
0.25925925925925924,ncrMT1234-esxK
0.20833333333333334,Rv1373
0.3150684931506849,Rv2689c-Rv2690c
0.203125,Rv0039c
0.25806451612903225,Rv0088
0.25,fadA2
0.2112676056338028,Rv0260c-narK3
0.20512820512820512,Rv0373c
0.15873015873015872,nrdZ
0.25757575757575757,Rv0674
0.14864864864864866,rpsG
0.24242424242424243,fucA
0.23728813559322035,dapC-fadA
0.15942028985507245,Rv0891c
0.22058823529411764,lpqV-Rv1065
0.18032786885245902,Rv1116A
0.2222222222222222,Rv1410c
0.2647058823529412,Rv1424c
0.23529411764705882,Rv1480
0.20588235294117646,Rv1501-Rv1502
0.19230769230769232,frdD
0.2987012987012987,bioA
0.23880597014925373,Rv1747
0.16176470588235295,lppC-fadB5
0.2982456140350877,Rv2005c
0.23863636363636365,Rv2141c-leuU
0.2727272727272727,cysE
0.2753623188405797,hisS
0.3,fadD9
0.24691358024691357,Rv2618
0.19718309859154928,suhB
0.2318840579710145,rpsB-Rv2891
0.2153846153846154,Rv2949c
0.28169014084507044,ppk1
0.21333333333333335,Rv3094c
0.2028985507246377,Rv3333c-Rv3334
0.1875,folD-relJ
0.19696969696969696,Rv3377c
0.2,Rv3403c
0.29850746268656714,glmS
0.2413793103448276,Rv3552
0.27941176470588236,Rv3717-Rv3718c
0.2465753424657534,ethR
0.26744186046511625,mshD-phoT
0.16,Rv0882
0.23333333333333334,pknD
0.25,Rv0954
0.17333333333333334,Rv0961
0.2857142857142857,alkA
0.19696969696969696,Rv1490
0.25,frdD-Rv1556
0.2,Rv1774
0.32894736842105265,rpfC
0.2537313432835821,Rv1941
0.30158730158730157,cobM
0.32857142857142857,Rv2323c-Rv2324
0.1794871794871795,Rv3324A
0.24691358024691357,clpC1-mpr17
0.29411764705882354,rsfB
0.18309859154929578,Rv0029
0.3026315789473684,Rv0048c
0.23943661971830985,Rv0082
0.30357142857142855,Rv0083
0.19480519480519481,hycP
0.26506024096385544,mce1B
0.18518518518518517,Rv0199
0.26582278481012656,Rv0281
0.24,eccB3
0.24390243902439024,PE6-Rv0336
0.20270270270270271,Rv0345
0.19117647058823528,Rv0366c
0.288135593220339,Rv0377-Rv0378
0.23076923076923078,Rv0396
0.28378378378378377,lpqK
0.19230769230769232,mmpS1
0.2318840579710145,Rv0439c
0.32857142857142857,Rv0457c-Rv0458
0.24242424242424243,pcaA
0.1780821917808219,Rv0474-hbhA
0.2535211267605634,murB
0.2,Rv0487
0.28,Rv0625c
0.3424657534246575,Rv0647c
0.2564102564102564,rplL
0.20833333333333334,vapC6
0.2222222222222222,rpoB
0.2571428571428571,lpqP
0.22535211267605634,lldD1
0.2,Rv0697-Rv0698
0.208955223880597,Rv0776c
0.2361111111111111,Rv0870c
0.3,accD3
0.23809523809523808,Rv0944
0.2,Rv0958
0.2608695652173913,ctpV
0.2289156626506024,grcC2
0.2537313432835821,Rv0990c-Rv0991c
0.2112676056338028,Rv1002c
0.23376623376623376,lpqT-prsA
0.3076923076923077,Rv1025
0.2647058823529412,kdpA
0.23076923076923078,trcR
0.3088235294117647,Rv1087A-PE9
0.2261904761904762,fbiC
0.20270270270270271,Rv1190-Rv1191
0.273972602739726,Rv1245c-relE
0.1780821917808219,Rv1278
0.2876712328767123,oppD
0.28378378378378377,atpB
0.19767441860465115,atpH
0.171875,glgE
0.20634920634920634,Rv1364c
0.19230769230769232,rpe
0.1864406779661017,Rv1429-PE16
0.2571428571428571,PE16-Rv1431
0.2564102564102564,Rv1455
0.21621621621621623,Rv1460
0.25,fadE15-PE_PGRS29
0.2753623188405797,Rv1489A
0.2564102564102564,frdA
0.24358974358974358,Rv1592c
0.23943661971830985,PE_PGRS30-argC
0.26506024096385544,Rv1676
0.20588235294117646,PE_PGRS31-Rv1769
0.22388059701492538,Rv1804c
0.20833333333333334,secA2-pgsA2
0.2857142857142857,Rv1829-Rv1830
0.1794871794871795,Rv1874
0.3,cyp140
0.21052631578947367,Rv1944c
0.20689655172413793,Rv1950c
0.1875,Rv1979c-mpt64
0.21875,Rv2008c-vapB15
0.19480519480519481,Rv2024c
0.20652173913043478,acg-Rv2033c
0.26666666666666666,pncA
0.3037974683544304,ppm1-Rv2052c
0.3225806451612903,cobG
0.24,Rv2137c
0.2777777777777778,Rv2143
0.2638888888888889,murC
0.15151515151515152,Rv2181
0.24675324675324675,qcrB
0.3918918918918919,Rv2206
0.2153846153846154,Rv2216
0.22388059701492538,glnA1-glnE
0.2222222222222222,lppQ-Rv2342
0.22727272727272727,Rv2345
0.21518987341772153,phoH1
0.265625,Rv2425c
0.22388059701492538,Rv2477c
0.24324324324324326,Rv2506-Rv2507
0.3333333333333333,Rv2560
0.23214285714285715,Rv2561
0.21518987341772153,glnQ-Rv2565
0.2631578947368421,gabT
0.2,snzP
0.25,Rv2686c
0.234375,hflX
0.26666666666666666,Rv2732c
0.29411764705882354,35kd_ag-clgR
0.1568627450980392,Rv2817c
0.24285714285714285,Rv2819c
0.1780821917808219,ugpB
0.26666666666666666,Rv2867c
0.20253164556962025,cdsA
0.1875,Rv2926c
0.3424657534246575,Rv2989
0.2028985507246377,trmU
0.19480519480519481,echA17
0.2191780821917808,serB2
0.3333333333333333,Rv3054c
0.2753623188405797,fadE22
0.16216216216216217,Rv3072c
0.21739130434782608,fadD13
0.28169014084507044,prfB-fprA
0.18072289156626506,Rv3113
0.2,moeB2
0.24324324324324326,Rv3123-moaR1
0.21686746987951808,nuoD
0.2857142857142857,moxR3
0.20270270270270271,Rv3192
0.22535211267605634,Rv3225c
0.23880597014925373,Rv3239c-secA1
0.3116883116883117,Rv3300c
0.16216216216216217,lpdA-Rv3304
0.2916666666666667,icd1
0.21428571428571427,Rv3378c
0.2894736842105263,rplM
0.22807017543859648,ilvB2
0.32432432432432434,mce4F
0.14035087719298245,yrbE4A-Rv3502c
0.323943661971831,Rv3527
0.14473684210526316,Rv3555c-fadA6
0.234375,Rv3559c
0.2597402597402597,arsB2
0.1774193548387097,cspA-Rv3649
0.22058823529411764,Rv3658c
0.23943661971830985,Rv3660c-B11
0.2857142857142857,Rv3661
0.32857142857142857,Rv3662c
0.19444444444444445,cyp137
0.2159090909090909,Rv3695
0.26436781609195403,Rv3698
0.17142857142857143,Rv3723
0.25,Rv3787c
0.19444444444444445,Rv3796
0.20481927710843373,fbpD
0.2537313432835821,glfT2
0.21333333333333335,Rv3832c-Rv3833
0.3108108108108108,gltD
0.15714285714285714,espG1
0.19444444444444445,eccB1
0.18461538461538463,espB-eccE1
0.22972972972972974,mycP1
0.24242424242424243,ptkA
0.2835820895522388,Rv2818c
0.2077922077922078,Rv1990A-mazF6
0.21052631578947367,clgR
0.323943661971831,Rv0027
0.22784810126582278,mymT-Rv0187
0.2647058823529412,Rv0314c
0.23076923076923078,dcd-udgA
0.2571428571428571,Rv0374c
0.29577464788732394,Rv0744c-Rv0745
0.20212765957446807,Rv0767c
0.35135135135135137,Rv0789c
0.3709677419354839,Rv0877
0.25,Rv1117
0.28169014084507044,Rv1289
0.26582278481012656,mbtK-leuW
0.15873015873015872,Rv1429
0.2413793103448276,cydC
0.2835820895522388,Rv1733c
0.17567567567567569,Rv1825
0.3055555555555556,mce3A
0.26582278481012656,Rv2039c
0.2153846153846154,qcrC
0.2702702702702703,Rv2308-metV
0.17333333333333334,mbtA
0.23376623376623376,Rv2401
0.26666666666666666,Rv2585c
0.2753623188405797,Rv2661c
0.25,Rv2821c
0.2727272727272727,Rv2966c-pca
0.23529411764705882,gltS
0.29850746268656714,Rv3160c
0.24705882352941178,Rv3249c
0.3076923076923077,fbiB
0.24691358024691357,Rv3351c
0.3,relK
0.20652173913043478,Rv3406
0.22727272727272727,Rv3412
0.25862068965517243,folB
0.24050632911392406,Rv3701c
0.2153846153846154,sodA-Rv3847
0.2463768115942029,Rv1761c
0.25301204819277107,lprO
0.24242424242424243,Rv0356c
0.18461538461538463,nadB
0.265625,Rv1711
0.3068181818181818,fdhF-Rv2901c
0.3026315789473684,Rv2075c
0.20833333333333334,eccA2
0.24675324675324675,Rv0049-ponA1
0.3484848484848485,Rv0381c
0.22727272727272727,Rv0580c
0.26506024096385544,mazE2-vapC7
0.2597402597402597,Rv0785
0.22077922077922077,cysA2-thiX
0.17543859649122806,Rv0876c
0.24050632911392406,PE8-Rv1041c
0.25,PE_PGRS25-vapC10
0.24358974358974358,Rv1673c
0.29850746268656714,cobS-Rv2209
0.3076923076923077,kasB
0.21739130434782608,che1
0.2777777777777778,echA14
0.21739130434782608,Rv2542
0.3194444444444444,PE_PGRS45-Rv2616
0.25,sigB-ideR
0.24324324324324326,ligA
0.18666666666666668,Rv3179
0.38596491228070173,Rv3548c
0.23076923076923078,Rv3703c
0.20652173913043478,Rv3737
0.26,Rv2426c-proA
0.3333333333333333,Rv0572c
0.2345679012345679,rplW
0.1875,Rv0514-Rv0515
0.31645569620253167,Rv0572c-pncB2
0.2236842105263158,Rv1057-fadD14
0.2987012987012987,Rv1506c
0.19402985074626866,Rv1508c
0.2923076923076923,Rv1815
0.23684210526315788,Rv2541
0.3,secF
0.24691358024691357,Rv3046c-Rv3047c
0.3108108108108108,Rv3700c
0.3088235294117647,Rv0826
0.22666666666666666,pstB-pstS1
0.21428571428571427,vapC9
0.21176470588235294,Rv1026-kdpE
0.3055555555555556,Rv1060-Rv1061
0.25,Rv1176c
0.20588235294117646,cysN
0.19444444444444445,Rv1363c
0.24390243902439024,Rv1502
0.25609756097560976,mctB
0.25,mgtC
0.16455696202531644,Rv1865c
0.2608695652173913,lppE-Rv1882c
0.375,Rv2012
0.2625,cobL
0.1774193548387097,helY
0.3181818181818182,Rv2226
0.22666666666666666,Rv2285
0.1935483870967742,Rv2286c
0.34285714285714286,Rv2510c
0.25925925925925924,nrdR-Rv2719c
0.16901408450704225,PE27-PPE44
0.3492063492063492,Rv3673c
0.19117647058823528,Rv3686c
0.25675675675675674,PE22-PPE36
0.2653061224489796,bpoA-Rv3474
0.32432432432432434,Rv0157A-Rv0158
0.25333333333333335,Rv0260c
0.20481927710843373,htpG
0.23076923076923078,fhaB-fhaA
0.17857142857142858,lpqI-Rv0238
0.2753623188405797,pqqE
0.2191780821917808,Rv0805
0.24,infC-rpmI
0.22077922077922077,Rv2190c-Rv2191
0.22727272727272727,Rv2297-Rv2298
0.17333333333333334,Rv2469c-glbO
0.2028985507246377,acrA1
0.328125,cut4
0.2153846153846154,Rv3683
0.21052631578947367,Rv3740c
0.22857142857142856,lipE
0.2361111111111111,Rv2407
0.14285714285714285,fadE12
0.3225806451612903,tkt-PE_PGRS27
0.2717391304347826,Rv0089
0.2923076923076923,purA-Rv0358
0.22727272727272727,fusA1
0.2054794520547945,vapC14
0.18309859154929578,Rv2267c
0.2077922077922078,ceoC
0.25396825396825395,Rv3762c
0.27848101265822783,Rv2160c
0.29213483146067415,hbhA
0.18604651162790697,gmdA
0.2903225806451613,Rv2621c-Rv2622
0.2857142857142857,Rv2687c
0.1388888888888889,Rv0049
0.17857142857142858,Rv0192A-Rv0193c
0.2777777777777778,Rv0264c
0.3188405797101449,Rv0669c
0.2191780821917808,Rv0692
0.20987654320987653,Rv0713-rplN
0.2028985507246377,mapA
0.25333333333333335,PE10-celA2a
0.21666666666666667,Rv1132
0.2,lpqW
0.21311475409836064,vapC33
0.28,Rv1273c
0.18556701030927836,eccA5
0.19480519480519481,Rv2161c-PE_PGRS38
0.2564102564102564,Rv3000-ilvC
0.22972972972972974,Rv3553
0.22093023255813954,vapC48
0.1917808219178082,pheA-Rv3839
0.24358974358974358,Rv3359
0.345679012345679,Rv0647c-Rv0648
0.21621621621621623,Rv2478c-Rv2479c
0.1935483870967742,PE_PGRS7-Rv0579
0.3291139240506329,Rv1533
0.22988505747126436,Rv3064c-mmr
0.20270270270270271,mesT
0.29333333333333333,vapC1
0.16883116883116883,Rv0146-Rv0147
0.2564102564102564,Rv0207c
0.18888888888888888,Rv0547c
0.14864864864864866,rpsQ
0.13333333333333333,Rv0760c
0.2698412698412698,Rv0842
0.2857142857142857,Rv0894
0.2236842105263158,pstC2
0.25609756097560976,ispE
0.3037974683544304,Rv1051c-mpr5
0.2153846153846154,Rv1188
0.29347826086956524,Rv1260-Rv1261c
0.28169014084507044,Rv1719
0.2033898305084746,PPE24-Rv1754c
0.21875,Rv2160c-Rv2161c
0.24193548387096775,trpD
0.24358974358974358,Rv2209
0.21666666666666667,caeA-panB
0.29310344827586204,cysW
0.22857142857142856,Rv3163c
0.18571428571428572,metA
0.3037974683544304,alr-Rv3424c
0.22077922077922077,Rv3712
0.22727272727272727,Rv3850
0.24050632911392406,Rv3856c
0.189873417721519,vapC28
0.22580645161290322,hisD
0.2328767123287671,Rv3815c
0.26582278481012656,Rv1073-fadA3
0.2345679012345679,pflA-fadE24
0.21621621621621623,Rv0004-gyrB
0.2077922077922078,PE_PGRS1-Rv0110
0.25,mmpL11-Rv0203
0.25,thiO
0.29850746268656714,Rv0480c
0.30434782608695654,Rv0750-mmsB
0.15,Rv0763c
0.22857142857142856,Rv0912-Rv0913c
0.2898550724637681,vapB9
0.22727272727272727,moaB2
0.2463768115942029,Rv1220c-sigE
0.12121212121212122,Rv1249c-Rv1250
0.18840579710144928,Rv2015c
0.28378378378378377,cobC
0.125,Rv2307B
0.24675324675324675,lppQ
0.28888888888888886,lysU-PE26
0.2459016393442623,argA-ftsK
0.24691358024691357,Rv2854
0.1232876712328767,nuoF
0.2028985507246377,nuoH
0.23655913978494625,Rv3238c
0.20833333333333334,Rv3324A-Rv3325
0.17391304347826086,Rv3369
0.21686746987951808,Rv3594
0.20833333333333334,pks2
0.18421052631578946,citA
0.19696969696969696,ftsZ-ftsQ
0.3333333333333333,Rv0078-Rv0078A
0.29577464788732394,Rv0246
0.24324324324324326,Rv0340
0.29850746268656714,Rv0519c
0.24285714285714285,Rv0680c
0.24675324675324675,Rv0689c-Rv0690c
0.2463768115942029,cyp51
0.24358974358974358,Rv0804-Rv0805
0.2318840579710145,Rv0846c
0.30666666666666664,Rv0854
0.2463768115942029,pstC1
0.3387096774193548,lpqY
0.24691358024691357,corA
0.35526315789473684,rphA
0.20512820512820512,lspA
0.23943661971830985,nadA
0.20481927710843373,Rv1648
0.27631578947368424,argR
0.2692307692307692,Rv1674c-cmr
0.203125,Rv1686c
0.32894736842105265,accD6-Rv2248
0.225,Rv2627c
0.28,valT-glyT
0.3235294117647059,ppgK
0.2375,ftsK
0.25,ung
0.16417910447761194,Rv2993c
0.1875,nuoG
0.15789473684210525,nuoL
0.2028985507246377,Rv3197
0.24,Rv3226c
0.15517241379310345,Rv3520c
0.24096385542168675,hsaC
0.2714285714285714,Rv3575c
0.32432432432432434,lpqF
0.3188405797101449,topA-Rv3647c
0.20270270270270271,Rv3779
0.21052631578947367,Rv3819-papA2
0.2361111111111111,Rv3839
0.2608695652173913,sodA
0.24210526315789474,eccCa1
0.2375,Rv3888c
0.19696969696969696,Rv3187-Rv3188
0.275,Rv1312-Rv1313c
0.27631578947368424,Rv0192
0.273972602739726,Rv3196A-Rv3197
0.28378378378378377,leuA
0.2361111111111111,Rv0454-Rv0455c
0.24242424242424243,kdpD-kdpF
0.2328767123287671,vapB32
0.27848101265822783,dxs1-Rv2683
0.2153846153846154,Rv2706c
0.22784810126582278,Rv2896c
0.1951219512195122,Rv3605c
0.22535211267605634,Rv0057
0.24615384615384617,icd2
0.17567567567567569,hycE
0.19718309859154928,Rv0090-mtn
0.2564102564102564,Rv0094c-Rv0095c
0.27631578947368424,fadD10
0.23728813559322035,gmhA
0.2222222222222222,Rv0145
0.24358974358974358,bglS
0.23376623376623376,Rv0250c-hsp
0.2345679012345679,PE_PGRS4-PPE3
0.12857142857142856,PPE6-Rv0306
0.36231884057971014,Rv0339c-Rv0340
0.25675675675675674,Rv0358
0.3103448275862069,Rv0365c
0.18055555555555555,Rv0380c-Rv0381c
0.2898550724637681,ufaA1
0.28169014084507044,Rv0466
0.2328767123287671,Rv0495c
0.28169014084507044,cmaA2
0.2564102564102564,Rv0653c
0.19047619047619047,Rv0688
0.1643835616438356,mku
0.2875,purN
0.25,Rv1003
0.25,pks16
0.3013698630136986,esxI
0.296875,PE_PGRS22-coaA
0.2948717948717949,Rv1147-Rv1148c
0.23333333333333334,Rv1249c
0.2839506172839506,Rv1271c
0.24050632911392406,lprC
0.2537313432835821,rpmE
0.20689655172413793,rsfA-Rv1366
0.20833333333333334,TB15.3
0.3,PPE23-Rv1706A
0.1891891891891892,Rv1706A-Rv1707
0.2125,Rv1735c
0.23880597014925373,Rv1776c
0.16393442622950818,aceAa
0.2727272727272727,Rv2119
0.33766233766233766,Rv2242
0.2692307692307692,lipM
0.21621621621621623,Rv2324-Rv2325c
0.26506024096385544,Rv2390c-sirA
0.1917808219178082,rpsT
0.23863636363636365,valS-Rv2449c
0.2602739726027397,vapB20
0.2,tesB2
0.15294117647058825,Rv2614A
0.125,Rv2617c
0.25757575757575757,Rv2625c
0.2875,Rv2632c
0.18309859154929578,Rv2669
0.2,Rv2698
0.265625,Rv2733c
0.18840579710144928,rimM
0.19402985074626866,ppsC
0.2638888888888889,Rv2963
0.24358974358974358,ilvC
0.21176470588235294,ilvB1
0.3,Rv3050c
0.2413793103448276,pmmA
0.25675675675675674,whiB2-fbiA
0.125,echA20
0.35294117647058826,dppA-acs
0.22535211267605634,Rv2279-Rv2280
0.21311475409836064,plcD
0.24561403508771928,Rv2014-Rv2015c
0.2191780821917808,Rv3134c-PPE50
0.3466666666666667,Rv0200
0.23684210526315788,fabG4
0.15942028985507245,Rv0274
0.203125,Rv0406c-fgd1
0.2857142857142857,Rv0424c
0.2898550724637681,lpqQ
0.234375,narL-Rv0845
0.273972602739726,rpfA-moaD2
0.22388059701492538,Rv1687c
0.16216216216216217,Rv3114
0.21052631578947367,Rv3821
0.2638888888888889,cspB-PE_PGRS15
0.21621621621621623,Rv2799
0.1875,pcnA-mutT4
0.3103448275862069,Rv0216
0.22388059701492538,PPE2-Rv0257
0.2698412698412698,Rv0303
0.20634920634920634,Rv0480c-Rv0481c
0.2625,serC
0.25925925925925924,Rv0948c-uvrD1
0.1875,csoR-Rv0968
0.2753623188405797,Rv0999
0.26153846153846155,Rv1048c-Rv1049
0.1780821917808219,Rv1230c
0.2903225806451613,Rv1320c
0.24615384615384617,epiA
0.3026315789473684,dnaE1
0.3076923076923077,Rv1556
0.25675675675675674,treY
0.2597402597402597,apa-Rv1861
0.20588235294117646,Rv2040c
0.23529411764705882,pepB
0.2153846153846154,nadE
0.22413793103448276,scoA-fadD35
0.2,Rv2611c
0.25757575757575757,mazE9
0.2,glnA4-mapB
0.2972972972972973,ddlA-gpdA2
0.2602739726027397,leuB
0.25757575757575757,Rv3005c
0.24675324675324675,moeB1
0.24324324324324326,Rv3218
0.30303030303030304,ftsH
0.20481927710843373,Rv3647c-cspA
0.26506024096385544,Rv3818
0.19718309859154928,pcnA
0.2,Rv0603
0.21739130434782608,Rv0378
0.22077922077922077,Rv0323c-Rv0324
0.2682926829268293,Rv0011c
0.3611111111111111,htdZ
0.24285714285714285,grcC1
0.25316455696202533,Rv0898c
0.25316455696202533,Rv0943c
0.18309859154929578,Rv0955
0.22388059701492538,Rv1101c
0.273972602739726,Rv1216c
0.29577464788732394,mec
0.2597402597402597,Rv1431
0.24285714285714285,fadD24
0.21875,wag22-Rv1760
0.15492957746478872,PPE28-PPE29
0.1875,ureG
0.15492957746478872,ndh
0.22666666666666666,ctaC
0.28,Rv2253
0.25316455696202533,narK1-lppP
0.22972972972972974,Rv2415c-eis
0.24561403508771928,rne
0.23684210526315788,Rv2507
0.2375,Rv2536
0.296875,Rv2642
0.3026315789473684,ltp1
0.2692307692307692,sahH
0.22535211267605634,lpdA
0.23076923076923078,PE_PGRS56-fadD18
0.25,proY-cyp137
0.2647058823529412,Rv3915
0.24285714285714285,Rv1890c
0.20253164556962025,Rv2620c
0.15476190476190477,serV-Rv3723
0.30985915492957744,Rv0161
0.26153846153846155,Rv0228
0.29333333333333333,fadE5-Rv0245
0.24561403508771928,fadE7
0.27692307692307694,lpqL
0.1791044776119403,Rv0485
0.23376623376623376,mazE3
0.25,rocA
0.2823529411764706,ncrMT1234
0.24705882352941178,lprE
0.19047619047619047,Rv1337
0.3048780487804878,Rv1453
0.2597402597402597,csd
0.22857142857142856,fadE15
0.189873417721519,trpB
0.273972602739726,vapB36-PE_PGRS35
0.24285714285714285,Rv2011c-Rv2012
0.1875,qcrB-Rv2197c
0.22727272727272727,cobT
0.2112676056338028,mbtI-Rv2387
0.2835820895522388,Rv2469c
0.23943661971830985,scoB
0.23255813953488372,frr-pyrH
0.30434782608695654,acyP
0.20967741935483872,fixB
0.2714285714285714,moaC3
0.25333333333333335,Rv3402c-Rv3403c
0.3225806451612903,fadE34-kstR
0.28378378378378377,Rv3680-whiB4
0.21428571428571427,Rv3847-Rv3848
0.23076923076923078,trxB2
0.24242424242424243,Rv1354c
0.2037037037037037,mce3B
0.28,Rv2529
0.22535211267605634,narK3
0.2,echA7
0.28378378378378377,phoH2
0.21428571428571427,Rv1367c
0.2191780821917808,lysX-infC
0.23076923076923078,Rv1722
0.23943661971830985,Rv1913
0.2,fadE18
0.1643835616438356,Rv2017-Rv2018
0.24615384615384617,pknL
0.2,TB16.3
0.16049382716049382,caeA
0.2537313432835821,Rv2304c-Rv2305
0.3037974683544304,Rv2370c-PE_PGRS40
0.2676056338028169,Rv2731
0.25675675675675674,proS
0.2289156626506024,iscS
0.32894736842105265,Rv3292
0.234375,Rv3437
0.22972972972972974,Rv3481c
0.23076923076923078,PE_PGRS53-PE_PGRS54
0.2638888888888889,eccA5-lppT
0.16923076923076924,Rv0650
0.27631578947368424,vapB14
0.29508196721311475,Rv0324
0.22727272727272727,pssA
0.24,kmtR-Rv0828c
0.2808988764044944,prpC
0.23529411764705882,echA10
0.25,glgC-PE14
0.2,Rv1680
0.18055555555555555,Rv1767
0.2777777777777778,cinA
0.273972602739726,nanT
0.22077922077922077,Rv1973
0.16923076923076924,pncA-Rv2044c
0.2608695652173913,Rv2044c
0.25675675675675674,Rv2049c-Rv2050
0.21052631578947367,moeW-mmpL9
0.23809523809523808,lipR
0.2619047619047619,guaB2-Rv3412
0.2676056338028169,Rv3656c
0.21333333333333335,whiB4-ponA2
0.15384615384615385,embC-embA
0.2564102564102564,Rv3817
0.22077922077922077,Rv0726c-fucA
0.2786885245901639,Rv2742c
0.19642857142857142,Rv0042c
0.2073170731707317,Rv0108c
0.23728813559322035,Rv0123
0.21951219512195122,mmpL3
0.24675324675324675,narU
0.19444444444444445,pyrE
0.1935483870967742,Rv0385
0.24242424242424243,Rv0394c-Rv0395
0.32954545454545453,lprQ
0.29411764705882354,Rv0565c-Rv0566c
0.225,Rv0566c-tyrT
0.3380281690140845,galTa
0.21739130434782608,lipG
0.34328358208955223,rplC
0.23376623376623376,Rv0837c-lpqR
0.18461538461538463,Rv0901
0.1917808219178082,pstA2
0.19047619047619047,Rv0947c
0.21818181818181817,mscL-Rv0986
0.2891566265060241,Rv1046c-Rv1047
0.18032786885245902,Rv1049-Rv1050
0.16666666666666666,lytB2
0.25,Rv1199c-Rv1200
0.25842696629213485,Rv1232c
0.21333333333333335,rho
0.22077922077922077,Rv1378c
0.23684210526315788,Rv1683
0.2698412698412698,Rv1752
0.3076923076923077,Rv1805c
0.24675324675324675,Rv1828
0.2465753424657534,modB
0.18421052631578946,pafC
0.28169014084507044,Rv2164c
0.25925925925925924,Rv2165c
0.2222222222222222,aroG
0.20512820512820512,glpD1
0.273972602739726,Rv2508c
0.25,arsB1
0.23214285714285715,Rv2737A
0.2625,35kd_ag
0.2702702702702703,hsdS
0.28125,Rv2787
0.234375,Rv2800
0.22727272727272727,Rv2850c
0.2222222222222222,ftsY
0.25757575757575757,Rv3000
0.2328767123287671,Rv3031
0.1864406779661017,Rv3077
0.23076923076923078,nuoN
0.2608695652173913,ctpC
0.25301204819277107,Rv3349c-PPE56
0.23943661971830985,amiD-Rv3376
0.2692307692307692,Rv3453-Rv3454
0.22857142857142856,PPE60-Rv3479
0.19736842105263158,fadE28
0.2028985507246377,fadE34
0.25,Rv3695-glpK
0.30985915492957744,Rv3717
0.23880597014925373,Rv3730c
0.21518987341772153,aftA
0.26666666666666666,Rv3916c-parB
0.2876712328767123,Rv0607
0.2125,relB-Rv1248c
0.2054794520547945,Rv0128
0.3116883116883117,Rv0449c
0.1744186046511628,Rv0770
0.25,pepC
0.26865671641791045,lpqQ-Rv0836c
0.28378378378378377,Rv0892
0.24675324675324675,Rv1523
0.18181818181818182,dinX
0.25675675675675674,argB
0.2375,Rv1703c
0.2597402597402597,Rv1794-eccD5
0.14492753623188406,Rv2531c
0.24675324675324675,Rv2689c
0.2222222222222222,infB-Rv2840c
0.16923076923076924,Rv2840c-nusA
0.24390243902439024,Rv2997
0.2777777777777778,Rv3136A-Rv3137
0.2875,TB9.4-Rv3209
0.3125,Rv3353c
0.2328767123287671,Rv3786c
0.25,Rv0986
0.17567567567567569,Rv1075c
0.3088235294117647,Rv2411c
0.18181818181818182,oxcA
0.21348314606741572,yrbE1B
0.22857142857142856,Rv0178
0.32051282051282054,Rv0229c
0.2564102564102564,Rv0298
0.2054794520547945,Rv0372c
0.2647058823529412,Rv0461
0.26744186046511625,menB
0.2375,menH
0.21333333333333335,htpX
0.3333333333333333,rplX
0.2647058823529412,ogt
0.24561403508771928,Rv1443c
0.2987012987012987,mutA
0.29850746268656714,Rv1674c
0.23880597014925373,tyrS
0.2857142857142857,higB
0.2676056338028169,vapC35
0.1891891891891892,Rv2017
0.23170731707317074,Rv2037c
0.21621621621621623,Rv2052c
0.22580645161290322,murE
0.14084507042253522,Rv2179c
0.24242424242424243,Rv2183c
0.2,Rv2255c-Rv2256c
0.2987012987012987,Rv2312-Rv2313c
0.16901408450704225,mpr11-Rv2561
0.2647058823529412,Rv2568c
0.20512820512820512,Rv2696c
0.2077922077922078,Rv2807
0.22857142857142856,Rv2956
0.2054794520547945,Rv2959c
0.2753623188405797,Rv3030
0.25287356321839083,moaE1
0.3333333333333333,Rv3127
0.26666666666666666,esxT-esxU
0.27941176470588236,Rv3586
0.25,espA
0.27692307692307694,PE34-Rv3747
0.23943661971830985,Rv2649-Rv2650c
0.16393442622950818,pip
0.2361111111111111,acpA
0.2,Rv1545
0.3287671232876712,vapC22
0.26582278481012656,proZ
0.24285714285714285,fadD4
0.31645569620253167,Rv0338c
0.2727272727272727,purA
0.25,Rv0387c-PPE9
0.3125,Rv0472c
0.18840579710144928,hemD
0.16049382716049382,Rv0517
0.275,Rv0634A
0.1917808219178082,purL
0.23076923076923078,Rv1075c-lipU
0.24691358024691357,TB8.4-fadH
0.3,hisA
0.2413793103448276,Rv1794
0.25,guaB1
0.2328767123287671,pafA
0.15492957746478872,qcrA
0.14864864864864866,Rv2219A-glnA1
0.22077922077922077,glnA1
0.25,PE_PGRS39-asnT
0.26136363636363635,amiA2
0.19480519480519481,Rv2565
0.225,Rv2670c
0.22727272727272727,dxs1
0.2702702702702703,Rv2694c-Rv2695
0.21428571428571427,Rv2776c
0.25675675675675674,mmpL7
0.27631578947368424,ligB-cstA
0.27941176470588236,Rv3104c
0.1794871794871795,moaB1
0.28125,Rv3538
0.23333333333333334,Rv3542c
0.24691358024691357,folP1
0.22972972972972974,gshA
0.2463768115942029,Rv3723-cut5a
0.16883116883116883,eccCb1
0.2463768115942029,lpqN
0.3076923076923077,Rv3657c
0.1527777777777778,Rv0071-Rv0072
0.2916666666666667,rpmB1-Rv0106
0.19718309859154928,pntB
0.17543859649122806,ansP2-Rv0347
0.25333333333333335,mgtE
0.2463768115942029,Rv0383c
0.20238095238095238,fadD16
0.2571428571428571,Rv1147
0.24242424242424243,fmt
0.19230769230769232,Rv1702c-Rv1703c
0.1791044776119403,Rv1816
0.28735632183908044,gcvB
0.28205128205128205,glcB-vapC13
0.1794871794871795,Rv2024c-Rv2025c
0.2459016393442623,Rv2077c
0.17142857142857143,Rv2129c
0.22580645161290322,Rv2556c
0.18181818181818182,tgs4
0.2894736842105263,fadB4
0.19480519480519481,bpoA
0.21428571428571427,parB
0.15714285714285714,Rv2001
0.18421052631578946,Rv1762c-Rv1763
0.25316455696202533,Rv2160A
0.17391304347826086,Rv0611c
0.2682926829268293,ilvX
0.32432432432432434,fadD25
0.2698412698412698,Rv1419
0.2191780821917808,pheA
0.3411764705882353,Rv3857c
0.189873417721519,Rv0347
0.2608695652173913,Rv0406c
0.3,regX3
0.2638888888888889,Rv0680c-Rv0681
0.1935483870967742,Rv0755A-thrV
0.13043478260869565,Rv1034c-Rv1035c
0.1891891891891892,Rv1047-Rv1048c
0.25,metB
0.15853658536585366,metE-Rv1134
0.2714285714285714,Rv1138c
0.18181818181818182,cysM
0.2692307692307692,Rv1615
0.25925925925925924,Rv1647
0.2222222222222222,Rv1717-Rv1718
0.296875,Rv2023c
0.2716049382716049,pitB
0.29411764705882354,Rv2480c-Rv2481c
0.1951219512195122,vapB21
0.2909090909090909,smc
0.2222222222222222,cyp141
0.1839080459770115,Rv3230c
0.2753623188405797,Rv3242c-Rv3243c
0.17647058823529413,manA
0.23333333333333334,yrbE4B
0.20270270270270271,Rv3671c
0.25925925925925924,pstA1
0.2903225806451613,glmU
0.25,pgi
0.25925925925925924,Rv0068
0.21794871794871795,ansP2
0.18421052631578946,glnT-Rv1019
0.3333333333333333,bpoB
0.25,Rv1194c-PE13
0.36585365853658536,frdB
0.26666666666666666,Rv1718
0.14285714285714285,Rv2426c
0.225,Rv2563
0.265625,Rv2717c
0.3333333333333333,whiB7
0.2608695652173913,Rv3587c
0.30952380952380953,Rv3807c
0.2698412698412698,whiB5
0.234375,Rv0026-Rv0027
0.27586206896551724,Rv0043c
0.24,Rv0045c-ino1
0.3068181818181818,fadD7
0.19444444444444445,Rv0121c
0.2345679012345679,TB18.5
0.2608695652173913,zmp1
0.2345679012345679,zmp1-Rv0199
0.23943661971830985,php
0.25,Rv0235c
0.2857142857142857,esxH
0.2625,Rv0368c
0.28,thiD
0.22666666666666666,Rv0446c
0.19767441860465115,Rv0477
0.2361111111111111,galE2
0.27941176470588236,hemD-hemB
0.1935483870967742,bpoC
0.275,Rv0609A
0.2875,vapC6-vapB6
0.25,Rv0731c
0.2891566265060241,Rv0790c
0.2727272727272727,Rv0804
0.25925925925925924,PE_PGRS14-lpqQ
0.25333333333333335,Rv0849
0.21686746987951808,ercc3
0.20253164556962025,PE_PGRS15-fadE10
0.2361111111111111,Rv0883c
0.325,Rv0887c-Rv0888
0.25,Rv0950c-sucC
0.3287671232876712,Rv0968
0.3026315789473684,Rv1096
0.3,Rv1139c
0.25,Rv1156
0.24242424242424243,pks4
0.2631578947368421,Rv1184c
0.25,thrB-rho
0.2714285714285714,Rv1333
0.17567567567567569,priA
0.26666666666666666,Rv1404
0.21621621621621623,Rv1478
0.2112676056338028,Rv1489A-Rv1490
0.25,Rv1507A
0.2702702702702703,Rv1597
0.2222222222222222,pks10-pks7
0.25,Rv1716
0.27941176470588236,Rv1723
0.16417910447761194,narK2
0.18666666666666668,Rv1760
0.2125,Rv1767-PE_PGRS31
0.19696969696969696,cyp144
0.24691358024691357,eccD5
0.30666666666666664,Rv1812c-Rv1813c
0.2564102564102564,Rv1842c-guaB1
0.22093023255813954,lldD2-Rv1873
0.25757575757575757,Rv2020c-Rv2021c
0.17391304347826086,ansP1
0.19402985074626866,dlaT
0.26582278481012656,Rv2237
0.2631578947368421,Rv2307D-Rv2308
0.2028985507246377,hrcA
0.22058823529411764,Rv2402
0.2857142857142857,Rv2435c-rbsK
0.22058823529411764,plsB2
0.17721518987341772,ppiB
0.23809523809523808,Rv2616
0.17105263157894737,Rv2633c
0.36619718309859156,sigA
0.18055555555555555,Rv2714-Rv2715
0.27848101265822783,Rv2723
0.21428571428571427,hsdM
0.3225806451612903,thyA
0.2564102564102564,ugpA
0.2727272727272727,nusA
0.2222222222222222,efpA
0.3116883116883117,nicT-Rv2857c
0.3013698630136986,gcpE
0.2465753424657534,papA5
0.20588235294117646,Rv2993c-Rv2994
0.3283582089552239,iscS-Rv3026c
0.32786885245901637,fixA-Rv3030
0.20689655172413793,Rv3038c
0.27710843373493976,Rv3040c
0.18666666666666668,Rv3092c
0.2857142857142857,Rv3205c
0.25675675675675674,tgs3-Rv3235
0.2702702702702703,Rv3294c
0.25,iunH
0.1780821917808219,Rv3399
0.2236842105263158,eccB4
0.2916666666666667,Rv3557c-PPE64
0.21666666666666667,kshB
0.2,ephE
0.21875,Rv3678A
0.30985915492957744,Rv3684-proY
0.2,Rv3707c
0.23943661971830985,Rv3726
0.22857142857142856,Rv3745c
0.17142857142857143,dprE1
0.16071428571428573,papA1
0.2857142857142857,ncrMT3949-Rv3843c
0.23880597014925373,ino1
0.16049382716049382,parD2-Rv2143
0.2716049382716049,cut5a
0.26153846153846155,Rv0991c
0.22077922077922077,Rv1531-Rv1532c
0.2318840579710145,Rv1765c
0.2898550724637681,mazE6-ctpG
0.19718309859154928,Rv0135c
0.25301204819277107,Rv0139-Rv0140
0.208955223880597,Rv0428c
0.24675324675324675,mmsB
0.3142857142857143,Rv0970
0.23076923076923078,thrA
0.2857142857142857,lprD
0.29577464788732394,Rv1353c
0.2112676056338028,ilvG
0.2638888888888889,speE
0.2375,mas-fadD28
0.2,gatB
0.2698412698412698,Rv3060c
0.26229508196721313,sdhA
0.28421052631578947,lppX-pks1
0.24193548387096775,msrA
0.1875,Rv0175
0.28378378378378377,csoR
0.20270270270270271,Rv1491c
0.273972602739726,aceE-Rv2242
0.3037974683544304,Rv2456c
0.21739130434782608,ligC-Rv3732
0.26582278481012656,Rv2169c-Rv2170
0.2222222222222222,glpQ2-glyU
0.175,Rv0976c-PE_PGRS16
0.2465753424657534,Rv1100
0.29333333333333333,mmpL13b
0.25,Rv1540
0.26865671641791045,Rv1773c-Rv1774
0.24561403508771928,modA
0.2777777777777778,Rv2292c-Rv2293c
0.27848101265822783,vapC19
0.2236842105263158,tmk
0.32432432432432434,moaX
0.28205128205128205,ppiA
0.16923076923076924,Rv0472c-Rv0473
0.22388059701492538,serA2
0.22058823529411764,alaV-Rv0997
0.30985915492957744,xseA
0.24675324675324675,ureC
0.23076923076923078,mpt64
0.29508196721311475,lipT
0.2236842105263158,cysT
0.25925925925925924,Rv2578c
0.29508196721311475,Rv2774c-Rv2775
0.22340425531914893,Rv3071-Rv3072c
0.22033898305084745,Rv3755c
0.3411764705882353,Rv3920c
0.30120481927710846,Rv1524
0.2833333333333333,Rv0307c
0.29411764705882354,Rv0502
0.21621621621621623,Rv1044
0.23684210526315788,coaA
0.21686746987951808,argC
0.24390243902439024,Rv2166c
0.24285714285714285,Rv2307c
0.15151515151515152,mrr
0.18181818181818182,Rv2960c
0.2682926829268293,panC
0.2702702702702703,galK-Rv0621
0.14473684210526316,Rv0922-Rv0923c
0.15789473684210525,wbbL2
0.14814814814814814,narK2-Rv1738
0.25316455696202533,Rv1985c
0.25,Rv0044c
0.2459016393442623,pntAb
0.24489795918367346,lpqI
0.23076923076923078,Rv0272c
0.23376623376623376,Rv0320
0.20270270270270271,Rv0600c
0.22535211267605634,Rv0622
0.30985915492957744,fadE9
0.22784810126582278,fadA
0.273972602739726,Rv1051c
0.27692307692307694,PE_PGRS19-PE_PGRS20
0.3055555555555556,Rv1073
0.21176470588235294,Rv1086
0.23376623376623376,Rv1128c-Rv1129c
0.1917808219178082,prpD
0.2602739726027397,glgA-glgC
0.2571428571428571,Rv1257c
0.2,Rv1276c
0.2923076923076923,plsB1-frdA
0.2926829268292683,bioB
0.2236842105263158,hisH
0.22666666666666666,trpA
0.24,Rv1891
0.2987012987012987,Rv2184c
0.24675324675324675,Rv2190c
0.24615384615384617,asnB-adoK
0.21739130434782608,aroK
0.25396825396825395,aspS
0.35714285714285715,Rv2688c
0.2916666666666667,Rv2775
0.22950819672131148,rpsO
0.17543859649122806,Rv2842c-Rv2843
0.18840579710144928,mqo
0.26436781609195403,Rv2876-Rv2877c
0.15584415584415584,lpqA
0.2571428571428571,Rv3057c
0.16923076923076924,Rv3075c
0.3013698630136986,Rv3122
0.2923076923076923,Rv3421c
0.2894736842105263,kgtP-PE31
0.27380952380952384,Rv3541c
0.22784810126582278,mpr17-lsr2
0.21518987341772153,Rv3702c
0.21212121212121213,mmpL8-papA1
0.28,eccD1
0.15730337078651685,esxP-Rv2348c
0.2692307692307692,Rv3659c
0.13513513513513514,Rv2294-Rv2295
0.3157894736842105,Rv0774c
0.2247191011235955,PE2-ptbB
0.2976190476190476,lprK
0.2,Rv0799c-pepC
0.17857142857142858,Rv0862c
0.35135135135135137,Rv0990c
0.3076923076923077,sigE-mpr6
0.22077922077922077,cysO
0.19402985074626866,Rv1359-Rv1360
0.24,bioF1
0.35802469135802467,Rv3295
0.2465753424657534,Rv3572
0.2542372881355932,lipV
0.21518987341772153,Rv0846c-lpqS
0.22857142857142856,fadE7-Rv0401
0.25757575757575757,leuU-parE2
0.22784810126582278,Rv3727-Rv3728
0.26506024096385544,Rv0060
0.28125,ilvD
0.27941176470588236,PE_PGRS5-Rv0298
0.24,udgA
0.18571428571428572,pepD
0.16923076923076924,Rv1144-mmpL13a
0.22580645161290322,tatB
0.1917808219178082,Rv1376
0.1686746987951807,Rv1405c-fmt
0.2982456140350877,Rv1871c
0.2857142857142857,murD
0.265625,Rv2186c
0.3058823529411765,vapC40-Rv2597
0.31343283582089554,msrB-Rv2675c
0.23943661971830985,echA15-Rv2680
0.3037974683544304,Rv2998
0.2033898305084746,whiB1-Rv3220c
0.273972602739726,Rv3528c
0.2698412698412698,accD4
0.2463768115942029,mce4D
0.13846153846153847,Rv0247c
0.13846153846153847,Rv0493c
0.2,Rv2571c
0.22340425531914893,Rv2893
0.24691358024691357,drrB
0.30864197530864196,Rv3415c-whiB3
0.2,fadE32
0.2463768115942029,Rv3778c
0.19117647058823528,pknI
0.25,Rv0077c
0.2857142857142857,rplY
0.23076923076923078,secG-PE_PGRS26
0.2692307692307692,mce3D
0.2857142857142857,nuoJ
0.25396825396825395,gyrA-Rv0007
0.2391304347826087,fadE2-pntAa
0.24675324675324675,Rv0183
0.33766233766233766,Rv0219
0.15,Rv0276
0.24324324324324326,Rv0435c
0.24705882352941178,Rv0499
0.19642857142857142,mkl-vapC6
0.2112676056338028,atsA-Rv0712
0.2777777777777778,Rv0799c
0.1951219512195122,phoY2-Rv0822c
0.2236842105263158,fadE13
0.17333333333333334,desA2-phoH2
0.1388888888888889,Rv1191
0.30158730158730157,tagA-Rv1211
0.13793103448275862,oppB
0.22727272727272727,pyrC
0.24242424242424243,zwf2
0.28169014084507044,Rv1628c
0.24285714285714285,gabD2
0.3116883116883117,Rv1747-Rv1748
0.20588235294117646,Rv1869c
0.265625,Rv2005c-otsB1
0.2702702702702703,Rv2135c
0.2716049382716049,Rv2205c
0.32051282051282054,cyp124
0.175,ahpC
0.25757575757575757,Rv2721c
0.17333333333333334,Rv2774c
0.3026315789473684,Rv2809
0.2463768115942029,mtr
0.32051282051282054,glnA4
0.28205128205128205,lppX
0.22093023255813954,leuC
0.3076923076923077,vapB44
0.2,Rv3329-dacB1
0.21333333333333335,mrsA
0.25806451612903225,fdxD-fadE26
0.2236842105263158,fadD17
0.2222222222222222,lppH
0.24324324324324326,mesJ
0.30434782608695654,Rv3639c
0.2318840579710145,Rv3770B-Rv3771c
0.2676056338028169,esxA-espI
0.2,Rv3912
0.24324324324324326,Rv3916c
0.2830188679245283,PE_PGRS8-Rv0743c
0.22666666666666666,AS1726-Rv1727
0.25316455696202533,Rv2100-helZ
0.20689655172413793,Rv3123
0.24242424242424243,mutY
0.15492957746478872,Rv0331-Rv0332
0.2753623188405797,Rv0333
0.23076923076923078,thiG-lpqL
0.2647058823529412,Rv0499-proC
0.34285714285714286,mmsA
0.23809523809523808,Rv1314c
0.25862068965517243,Rv1433
0.2463768115942029,adhA
0.2413793103448276,Rv1930c
0.273972602739726,lipB
0.20833333333333334,Rv2254c
0.18840579710144928,Rv2305
0.296875,clpX
0.3880597014925373,Rv2613c
0.17105263157894737,ald
0.15584415584415584,Rv3034c-Rv3035
0.20270270270270271,Rv3213c
0.18181818181818182,Rv3312c
0.21875,nagA-Rv3333c
0.2,Rv3677c
0.25,rsfB-Rv3688c
0.2972972972972973,dnaZX
0.24,Rv1817
0.32857142857142857,PPE53-Rv3160c
0.23076923076923078,Rv0459
0.19230769230769232,erm(37)
0.3684210526315789,Rv0038-Rv0039c
0.2535211267605634,pepA
0.15789473684210525,Rv0201c
0.18181818181818182,Rv0263c
0.234375,Rv0308
0.22033898305084745,Rv0330c
0.2459016393442623,vapB7
0.2608695652173913,Rv0739-Rv0740
0.2222222222222222,Rv0885
0.25,fprB
0.17391304347826086,Rv1186c
0.25301204819277107,dapE
0.30120481927710846,atpA
0.273972602739726,Rv1312
0.2638888888888889,murI
0.29333333333333333,Rv1351
0.30120481927710846,Rv1481
0.30120481927710846,Rv1544
0.19230769230769232,Rv1678
0.18461538461538463,Rv1714
0.22058823529411764,idi
0.2898550724637681,Rv1914c-aceAa
0.24390243902439024,glnA2
0.24242424242424243,glnA2-Rv2223c
0.2111111111111111,accA1
0.2898550724637681,vapC20
0.2328767123287671,relA-apt
0.21875,Rv2597
0.20270270270270271,pimA
0.24,rbfA
0.19444444444444445,fpg-rnc
0.23170731707317074,lipN
0.3,Rv3035
0.25316455696202533,Rv3166c-Rv3167c
0.25609756097560976,Rv3168
0.27692307692307694,Rv3242c
0.2028985507246377,manB
0.2647058823529412,Rv3267
0.2564102564102564,sigF
0.23943661971830985,gcp
0.21978021978021978,PE_PGRS54-ilvX
0.3287671232876712,Rv3528c-Rv3529c
0.2328767123287671,fadA6
0.17073170731707318,Rv3705A
0.3287671232876712,eccCa1-eccCb1
0.2835820895522388,wag31
0.22077922077922077,Rv1417
0.20253164556962025,G2
0.2727272727272727,Rv3848
0.26666666666666666,ethR-Rv3856c
0.27586206896551724,Rv0028
0.20833333333333334,fadE4
0.19672131147540983,Rv0360c
0.25,rpsC
0.25,Rv0765c
0.30434782608695654,fadE10-Rv0874c
0.19117647058823528,Rv1167c
0.3176470588235294,oppC
0.25675675675675674,oppB-canA
0.2835820895522388,rfe-Rv1303
0.19444444444444445,Rv1459c
0.21052631578947367,Rv1514c
0.2988505747126437,Rv1645c
0.23376623376623376,G2-lprJ
0.2676056338028169,pknF
0.3225806451612903,vapC36
0.2987012987012987,echA14-PE_PGRS42
0.18055555555555555,aftC
0.323943661971831,Rv2681
0.16417910447761194,gpsI
0.3283582089552239,infB
0.2073170731707317,Rv3073c-Rv3074
0.22666666666666666,Rv3376-Rv3377c
0.3246753246753247,Rv3604c
0.2839506172839506,MTS2823
0.24285714285714285,proW
0.21311475409836064,Rv3900c
0.16216216216216217,Rv2879c
0.19444444444444445,nadR
0.2318840579710145,cdh
0.21951219512195122,aspB
0.2638888888888889,Rv0158
0.2222222222222222,Rv0395
0.22727272727272727,lprL
0.2153846153846154,Rv0918
0.18518518518518517,Rv0964c
0.16216216216216217,Rv1059
0.2839506172839506,Rv1255c
0.24561403508771928,Rv1892
0.19696969696969696,Rv2451
0.1791044776119403,Rv2876
0.25,Rv3228
0.2962962962962963,Rv3454
0.29333333333333333,PPE65-PE32
0.19696969696969696,rseA-htrA
0.2318840579710145,Rv2716
0.1780821917808219,upp-sapM
0.2535211267605634,Rv0004
0.2328767123287671,purM
0.208955223880597,Rv0895-gltA2
0.17073170731707318,Rv1120c
0.26229508196721313,Rv1186c-rocA
0.22972972972972974,Rv1233c
0.15492957746478872,PPE19-Rv1362c
0.2597402597402597,pykA
0.19753086419753085,PPE35-Rv1919c
0.2318840579710145,Rv2219
0.2112676056338028,Rv2557
0.2727272727272727,amiC
0.18840579710144928,mmr
0.28,prfB
0.3235294117647059,Rv3364c
0.27692307692307694,Rv0028-Rv0029
0.2903225806451613,vapC4
0.2542372881355932,PPE34-PPE35
0.2564102564102564,cyp135A1-Rv0328
0.18181818181818182,Rv0375c
0.3870967741935484,Rv2136c
0.2647058823529412,ugpE
0.2,Rv3271c
0.2564102564102564,Rv2778c
0.2,mmsA-PE_PGRS11
0.18518518518518517,Rv2417c
0.3333333333333333,mce1R
0.23214285714285715,eccC3
0.1927710843373494,serC-Rv0885
0.34285714285714286,Rv1435c-gap
0.2564102564102564,idsA2
0.328125,rbsK
0.22535211267605634,acpS-fas
0.26865671641791045,clpC2
0.24705882352941178,Rv3415c
0.2153846153846154,ask
0.23170731707317074,Rv3471c
0.2,deoC
0.1643835616438356,hadA
0.29411764705882354,tuf
0.20967741935483872,Rv2633c-PE_PGRS46
0.1951219512195122,Rv2795c
0.21621621621621623,nuoM
0.30120481927710846,Rv3430c-Rv3431c
0.21428571428571427,Rv3742c
0.2077922077922078,Rv0348
0.16129032258064516,Rv0561c
0.2571428571428571,mazF2
0.21875,Rv1021
0.22784810126582278,PE_PGRS20-Rv1069c
0.21794871794871795,Rv1209
0.22388059701492538,Rv2271-Rv2272
0.27692307692307694,Rv2576c-Rv2577
0.2222222222222222,cyp136
0.20588235294117646,Rv0953c
0.24561403508771928,pta
0.21875,Rv1833c
0.21333333333333335,Rv3008
0.36363636363636365,Rv3241c-Rv3242c
0.17567567567567569,pntAa
0.18292682926829268,Rv1006
0.2564102564102564,Rv1156-Rv1157c
0.22058823529411764,cyp130-Rv1257c
0.225,Rv1490-Rv1491c
0.2465753424657534,Rv1995
0.20833333333333334,Rv2028c
0.1728395061728395,glyS
0.22972972972972974,Rv2410c
0.2222222222222222,vapC39
0.175,mazE9-Rv2802c
0.3770491803278688,mmpL7-Rv2943
0.29310344827586204,Rv3510c-PE_PGRS55
0.2753623188405797,Rv3557c
0.2916666666666667,Rv3714c
0.2692307692307692,serS
0.25806451612903225,mshB
0.25316455696202533,echA8
0.2535211267605634,Rv2026c
0.2535211267605634,lppR
0.18309859154929578,Rv3073c
0.1527777777777778,thrC-thrB
0.20967741935483872,Rv0516c
0.3157894736842105,blaC-sigC
0.25,dedA-Rv2638
0.1590909090909091,fadD18
0.14814814814814814,Rv3814c
0.2112676056338028,Rv3906c
0.3387096774193548,espG3
0.2463768115942029,Rv0539
0.2361111111111111,vapC3
0.27956989247311825,Rv0750
0.25316455696202533,Rv0812
0.25,Rv1487
0.19736842105263158,mazE4
0.25,Rv1867
0.19801980198019803,Rv2512c-Rv2513
0.26153846153846155,Rv2581c-ppiB
0.17647058823529413,Rv2662-Rv2663
0.1917808219178082,mazF9
0.24675324675324675,Rv3233c
0.2911392405063291,Rv3268
0.25675675675675674,PE_PGRS57-fadD19
0.31343283582089554,Rv3517
0.2911392405063291,Rv3706c-Rv3707c
0.15492957746478872,fadD17-PE_PGRS53
0.2361111111111111,mazE1-Rv0457c
0.24242424242424243,Rv0574c
0.2911392405063291,Rv0793
0.3064516129032258,Rv1144
0.2602739726027397,mcr3
0.2028985507246377,rrf-ogt
0.28378378378378377,lprH
0.24358974358974358,Rv1729c
0.2692307692307692,Rv2307A-Rv2307B
0.22413793103448276,Rv2417c-Rv2418c
0.3275862068965517,mmuM-Rv2459
0.25,lppY
0.2,Rv3217c-Rv3218
0.2608695652173913,nei
0.35,Rv3485c
0.2112676056338028,tcrX-Rv3766
0.25316455696202533,Rv3822-mmpL8
0.2898550724637681,Rv3777
0.234375,recF
0.28378378378378377,fadE6
0.16901408450704225,Rv0792c-Rv0793
0.2441860465116279,Rv2265-cyp124
0.26865671641791045,Rv2481c
0.18032786885245902,vapB38
0.19480519480519481,pepQ
0.2159090909090909,pgsA3
0.3380281690140845,argA
0.2753623188405797,fadE24
0.24096385542168675,Rv3165c
0.21794871794871795,amiB1
0.18309859154929578,lsr2-lysS
0.2236842105263158,senX3
0.3055555555555556,narG
0.2375,coaE
0.20588235294117646,cysQ-Rv2132
0.23863636363636365,Rv2367c
0.25882352941176473,rpsP
0.2911392405063291,groES-gcp
0.25301204819277107,esxB
0.2608695652173913,Rv0143c-Rv0144
0.17333333333333334,Rv0227c
0.2289156626506024,Rv0430
0.25396825396825395,mca
0.2535211267605634,acn
0.2125,Rv1486c
0.2903225806451613,aprA-aprB
0.2602739726027397,Rv2423-Rv2424c
0.16071428571428573,Rv2640c-cadI
0.3064516129032258,PPE44-Rv2771c
0.2,Rv2827c
0.2753623188405797,lytB1
0.3157894736842105,vapC47
0.2835820895522388,cut3
0.2876712328767123,Rv3733c
0.1891891891891892,Rv1948c
0.23255813953488372,rplE
0.26744186046511625,PE_PGRS43-Rv2491
0.1891891891891892,Rv3137
0.27941176470588236,Rv0007
0.24615384615384617,ctpI-Rv0108c
0.18823529411764706,fadD4-fadE3
0.26865671641791045,Rv1118c
0.25,ephC
0.2857142857142857,chaA
0.21739130434782608,mpg
0.24615384615384617,Rv2331A
0.20967741935483872,mbtG
0.2714285714285714,bkdB
0.19444444444444445,fdhF
0.35802469135802467,Rv3579c
0.25287356321839083,Rv3796-fadE35
0.2054794520547945,aspC
0.25,vapB29
0.18181818181818182,Rv0749A
0.25,cspB
0.2647058823529412,typA
0.2597402597402597,Rv1466
0.19718309859154928,Rv1571
0.19047619047619047,adoK-Rv2203
0.2375,thiL
0.2647058823529412,cfp6
0.2328767123287671,sugI
0.2191780821917808,Rv3243c-lpqB
0.296875,Rv0097
0.3,Rv0257-Rv0258c
0.2638888888888889,metZ
0.27631578947368424,thiS
0.20967741935483872,lpdC
0.2033898305084746,pdc
0.25675675675675674,ksgA
0.275,pyrR
0.17721518987341772,Rv1635c
0.17105263157894737,mctB-pyrG
0.22784810126582278,PPE27-PE19
0.328125,fbpB
0.3116883116883117,fbpB-Rv1887
0.2033898305084746,lppG
0.21333333333333335,Rv2001-fabG3
0.25,lppI
0.25333333333333335,PE_PGRS37-ansP1
0.22093023255813954,Rv2170
0.234375,rpiB
0.2463768115942029,thyX-hsdS.1
0.15476190476190477,truB
0.24285714285714285,lepB
0.20833333333333334,hpx
0.2535211267605634,fdxB-Rv3555c
0.21621621621621623,eccB2
0.22077922077922077,Rv3651
0.2692307692307692,nirD
0.22916666666666666,Rv2577
0.18421052631578946,Rv0052-rpsF
0.24050632911392406,Rv0157A
0.1791044776119403,Rv0295c
0.25316455696202533,Rv0316
0.2465753424657534,Rv0546c
0.16176470588235295,recC-echA3
0.2361111111111111,Rv0690c
0.3,sppA
0.24615384615384617,Rv0787A
0.23943661971830985,Rv0807
0.2857142857142857,Rv0839
0.20588235294117646,Rv0843
0.19402985074626866,moaA2
0.26153846153846155,prrB
0.3076923076923077,Rv1000c
0.18333333333333332,prsA
0.2727272727272727,fum
0.3333333333333333,Rv1456c
0.25882352941176473,Rv1476
0.21621621621621623,tesB1
0.2777777777777778,Rv1770
0.2717391304347826,Rv1910c
0.21518987341772153,Rv1961
0.2537313432835821,Rv1987
0.2891566265060241,Rv2311
0.1864406779661017,hrcA-Rv2375
0.25,vapB41
0.24691358024691357,Rv2798c
0.2558139534883721,gpdA2
0.21333333333333335,cyp141-Rv3122
0.2222222222222222,Rv3188
0.1506849315068493,Rv3256c
0.17543859649122806,sdhB
0.203125,Rv3322c
0.2898550724637681,sigD
0.2125,Rv3424c-PPE57
0.23595505617977527,lpqH
0.2125,pks2-fadD23
0.22077922077922077,parA
0.24358974358974358,Rv1732c
0.1875,Rv2767c-PPE43
0.25925925925925924,groEL2-Rv0441c
0.2962962962962963,fabH-menA
0.30303030303030304,mmpS5
0.24,Rv1482c
0.24050632911392406,Rv1725c
0.19480519480519481,Rv2473
0.22972972972972974,nrdB
0.2537313432835821,Rv0236A
0.25287356321839083,Rv0299-vapB2
0.275,Rv0385-Rv0386
0.27941176470588236,B55-Rv0610c
0.2839506172839506,Rv0666-rpoB
0.2898550724637681,Rv0678
0.1875,rplV
0.2125,Rv0810c-Rv0811c
0.3150684931506849,Rv0825c-Rv0826
0.13157894736842105,Rv0883c-serC
0.23255813953488372,Rv0955-purN
0.3194444444444444,esxJ
0.2222222222222222,cbs
0.2608695652173913,Rv1126c
0.1791044776119403,glgA
0.2631578947368421,tatB-Rv1225c
0.28125,mcr3-rrs
0.26582278481012656,vapB11
0.3076923076923077,hisC1
0.2564102564102564,argF
0.34285714285714286,Rv1929c
0.3132530120481928,Rv1941-mazF5
0.27941176470588236,Rv1986-Rv1987
0.2647058823529412,Rv2025c
0.2222222222222222,Rv2078
0.2631578947368421,Rv2141c
0.2625,Rv2146c
0.23376623376623376,Rv2172c-idsA2
0.14925373134328357,ptpA
0.3380281690140845,Rv2264c-Rv2265
0.22077922077922077,Rv2372c
0.2727272727272727,lepA
0.19696969696969696,Rv2413c
0.25,Rv2420c
0.2597402597402597,Rv2636
0.28,Rv2707
0.19672131147540983,Rv2802c
0.275,dxr-vapB43
0.14814814814814814,smpB
0.13414634146341464,PPE52-nuoA
0.22857142857142856,Rv3486
0.2857142857142857,cyp142
0.2962962962962963,hsaE
0.24675324675324675,mpr17
0.2375,Rv3672c
0.2564102564102564,dnaQ-Rv3712
0.2222222222222222,Rv3749c
0.26153846153846155,Rv3902c
0.20634920634920634,purH
0.2328767123287671,cysG-cobB
0.3055555555555556,Rv0184
0.2857142857142857,Rv0187
0.2839506172839506,Rv0540
0.17647058823529413,vapB31
0.2112676056338028,qor
0.18181818181818182,Rv1508A
0.19540229885057472,Rv1565c
0.3484848484848485,tlyA
0.27631578947368424,Rv1879
0.16923076923076924,Rv2015c-Rv2016
0.20967741935483872,recA
0.17073170731707318,whiB3
0.18309859154929578,nat
0.2112676056338028,serX
0.20987654320987653,Rv0481c-murB
0.2608695652173913,cfp29
0.24324324324324326,Rv0940c
0.20987654320987653,Rv0976c
0.2625,fbiC-TB8.4
0.23529411764705882,esxL-Rv1199c
0.23684210526315788,Rv1830
0.2753623188405797,mpt63
0.23076923076923078,Rv1939
0.25,Rv2120c
0.20270270270270271,recO
0.3064516129032258,rne-ndkA
0.2,nuoA
0.23076923076923078,Rv3204
0.24242424242424243,fbpA-aftB
0.234375,mutT3
0.2191780821917808,Rv0767c-aldA
0.2054794520547945,Rv0771
0.20253164556962025,purQ
0.25,Rv1026
0.28,Rv1135A-Rv1136
0.21311475409836064,cysN-Rv1287
0.1917808219178082,lprI
0.29411764705882354,Rv1833c-lipZ
0.27692307692307694,glnA3
0.2625,Rv2510c-orn
0.1728395061728395,thyX
0.21428571428571427,metC
0.19736842105263158,Rv3635
0.2857142857142857,Rv3752c
0.27058823529411763,Rv3922c
0.23636363636363636,Rv3750c-Rv3751
0.21311475409836064,moaE2
0.30666666666666664,Rv0966c-csoR
0.18518518518518517,Rv1706A
0.25396825396825395,Rv1906c
0.2159090909090909,Rv1929c-Rv1930c
0.2608695652173913,gabT-fadD9
0.22033898305084745,Rv2675c
0.3,accD5
0.19444444444444445,Rv3333c
0.24193548387096775,Rv3440c
0.22857142857142856,Rv3485c-Rv3486
0.2987012987012987,espG2
0.2361111111111111,Rv0520
0.2923076923076923,Rv0538
0.14285714285714285,Rv0560c
0.22535211267605634,sugC
0.2564102564102564,Rv1482c-fabG1
0.18518518518518517,asnB
0.2625,Rv2342
0.25,nadD-Rv2422
0.3170731707317073,Rv2598
0.13114754098360656,Rv2781c
0.28125,ppa
0.21428571428571427,rplM-esxT
0.2857142857142857,thrV-Rv0756c
0.2702702702702703,Rv0203
0.19753086419753085,Rv0281-eccA3
0.27419354838709675,xthA
0.2777777777777778,Rv0607-vapB28
0.22413793103448276,Rv0689c
0.20634920634920634,Rv0738
0.2571428571428571,Rv0801
0.171875,fadH
0.3026315789473684,yfiH
0.18181818181818182,Rv2313c
0.20253164556962025,valS
0.22857142857142856,Rv2573
0.19672131147540983,ribF
0.24719101123595505,fpg
0.26229508196721313,Rv2975c-ung
0.2972972972972973,lppZ
0.2542372881355932,Rv3090
0.2,Rv3888c-espG2
0.27058823529411763,Rv3326-Rv3327
0.1917808219178082,Rv2705c
0.20238095238095238,Rv2749
0.25,Rv0034
0.2916666666666667,Rv0072
0.34285714285714286,mymT
0.20833333333333334,Rv0434-Rv0435c
0.24193548387096775,Rv0504c
0.16129032258064516,Rv0571c-Rv0572c
0.2976190476190476,Rv0597c
0.2,rplY-lpqT
0.15625,Rv1053c
0.17721518987341772,sugA
0.1774193548387097,lprA
0.2765957446808511,Rv1744c
0.3181818181818182,Rv1864c
0.29577464788732394,Rv1931c-tpx
0.2898550724637681,echA13
0.25757575757575757,moeW
0.2375,Rv2452c
0.2714285714285714,citE
0.2564102564102564,Rv2884
0.2361111111111111,Rv3329
0.2028985507246377,Rv3354
0.25,echA19
0.27631578947368424,PE_PGRS61-Rv3654c
0.15789473684210525,Rv3659c-Rv3660c
0.25925925925925924,fadE36
0.22727272727272727,purM-Rv0810c
0.22077922077922077,Rv1749c
0.1791044776119403,gabP
0.3055555555555556,vapC7
0.32,Rv1192
0.2835820895522388,Rv1218c
0.1267605633802817,Rv1366
0.23684210526315788,Rv1496
0.2972972972972973,Rv1928c-Rv1929c
0.234375,Rv1951c
0.19047619047619047,Rv2050
0.20588235294117646,Rv2957
0.18666666666666668,Rv3033
0.3246753246753247,Rv3103c
0.2727272727272727,Rv3311
0.29411764705882354,dacB1-sugI
0.28205128205128205,hsaD
0.25,espL
0.21311475409836064,Rv0349
0.234375,Rv0048c-Rv0049
0.2125,mycP3
0.17567567567567569,vapC2
0.2972972972972973,vapC26
0.273972602739726,emrB
0.2,Rv1139c-Rv1140
0.2571428571428571,Rv1219c-Rv1220c
0.19047619047619047,pyrF
0.22950819672131148,ribC
0.2916666666666667,argJ
0.20238095238095238,proT-vapC12
0.16666666666666666,Rv1773c
0.21875,gcvT
0.25316455696202533,Rv2315c
0.23809523809523808,dhaA-hisS
0.265625,Rv2842c
0.18604651162790697,Rv2915c
0.19753086419753085,Rv2998A-lppY
0.2361111111111111,moaR1
0.25,rhlE
0.12727272727272726,Rv3237c
0.2647058823529412,Rv3668c
0.26865671641791045,Rv3788-Rv3789
0.34444444444444444,Rv2166c-Rv2167c
0.20253164556962025,metB-greA
0.21794871794871795,Rv0108c-PE_PGRS1
0.22077922077922077,sigE
0.24285714285714285,Rv1546
0.4166666666666667,Rv1772
0.265625,Rv2049c
0.25301204819277107,vapB19
0.24675324675324675,mutT1
0.2535211267605634,nagA
0.3,Rv3789
0.29508196721311475,rnpA
0.21052631578947367,rpmC
0.2597402597402597,amiB2-Rv1264
0.26136363636363635,lprM
0.19444444444444445,Rv3049c
0.20634920634920634,purH-Rv0958
0.20987654320987653,PE_PGRS21-Rv1087A
0.3076923076923077,fxsA
0.23943661971830985,Rv2300c
0.21666666666666667,Rv2466c
0.25,vapC18
0.29508196721311475,Rv3183
0.23684210526315788,Rv3395A-guaA
0.16049382716049382,Rv3405c
0.19696969696969696,Rv3632
0.2465753424657534,Rv1112
0.203125,Rv1510
0.3076923076923077,cobG-cobH
0.16883116883116883,ggtB-Rv2395
0.2857142857142857,Rv2700
0.2125,cobQ1
0.24390243902439024,Rv3263-manB
0.22535211267605634,Rv0530A
0.3283582089552239,pitA
0.1864406779661017,Rv0787-Rv0787A
0.19444444444444445,Rv1414
0.2261904761904762,Rv2898c
0.21333333333333335,vapC29
0.1016949152542373,metS-tatD
0.2236842105263158,Rv1279
0.21311475409836064,Rv1498c-Rv1498A
0.21518987341772153,katG-furA
0.17721518987341772,Rv2060
0.1791044776119403,hisE
0.225,Rv2125
0.2753623188405797,fadE19
0.3088235294117647,Rv2515c
0.19753086419753085,dipZ-mpt70
0.29069767441860467,Rv2944-lppX
0.2716049382716049,esxT
0.22972972972972974,Rv3531c-PPE61
0.24358974358974358,Rv3768-Rv3769
0.234375,Rv1726
0.18333333333333332,Rv0268c
0.2222222222222222,murB-lprQ
0.2328767123287671,rslA-Rv0737
0.3142857142857143,Rv1176c-fdxC
0.25316455696202533,mihF
0.15789473684210525,Rv1393c
0.20512820512820512,ilvA
0.2361111111111111,argG
0.21739130434782608,mpa
0.21333333333333335,Rv2169c
0.23076923076923078,Rv2449c
0.23376623376623376,Rv2464c
0.20833333333333334,Rv2499c
0.19444444444444445,Rv2662
0.20270270270270271,rpsB
0.24285714285714285,Rv3207c-Rv3208
0.2361111111111111,sigJ
0.25333333333333335,vapB46-Rv3386
0.2714285714285714,fadE35-Rv3798
0.14285714285714285,Rv1227c
0.2982456140350877,galE1
0.3125,Rv2472
0.23076923076923078,glnE
0.20689655172413793,Rv2240c-aceE
0.2413793103448276,Rv2636-dedA
0.3181818181818182,rplK
0.22077922077922077,mtc28
0.32857142857142857,Rv0412c
0.2571428571428571,mprB
0.2125,Rv1520-fadD25
0.16666666666666666,Rv2651c-Rv2652c
0.18840579710144928,nrdE-nrdI
0.25609756097560976,phyA
0.2714285714285714,cysS1
0.27941176470588236,Rv3778c-Rv3779
0.14102564102564102,Rv1050-Rv1051c
0.24193548387096775,Rv1421
0.2465753424657534,Rv1639c
0.2535211267605634,Rv1863c
0.2916666666666667,nrdF1
0.208955223880597,Rv2134c
0.2112676056338028,pckA
0.2608695652173913,Rv2423
0.2625,Rv2517c
0.27631578947368424,aroB
0.2153846153846154,Rv0326
0.2962962962962963,fadE33
0.2619047619047619,Rv0401
0.2028985507246377,menC
0.2328767123287671,nusG
0.23880597014925373,end
0.2391304347826087,lpqS
0.20270270270270271,Rv0996-alaV
0.2236842105263158,Rv2061c-cobN
0.2236842105263158,sucC
0.2777777777777778,Rv1516c
0.29508196721311475,Rv3857c-gltD
0.21333333333333335,Rv0387c
0.22972972972972974,Rv0142
0.22857142857142856,apa
0.27848101265822783,Rv2337c
0.22666666666666666,bkdA
0.2535211267605634,Rv3395A
0.16923076923076924,Rv0841
0.28169014084507044,mazE2
0.35135135135135137,oppA
0.2647058823529412,Rv2735c
0.30303030303030304,Rv3683-Rv3684
0.24719101123595505,mcr7
0.3,Rv2721c-Rv2722
0.1794871794871795,Rv2766c
0.24675324675324675,ddlA
0.1511627906976744,Rv0421c
0.20253164556962025,Rv0779c
0.3246753246753247,Rv0556
0.18461538461538463,Rv1219c
0.30120481927710846,Rv1254
0.2,Rv1382
0.1791044776119403,uspB
0.2777777777777778,Rv2418c
0.20634920634920634,Rv3178
0.24675324675324675,Rv3483c-cpsA
0.22784810126582278,Rv2739c
0.34177215189873417,Rv2197c
0.28378378378378377,vapB16
0.15714285714285714,dinF
0.21621621621621623,pfkA
0.2753623188405797,Rv0616c
0.29310344827586204,vapC27
0.2,Rv3830c-Rv3831
0.3235294117647059,glyA1
0.22727272727272727,Rv1157c
0.20987654320987653,lipA
0.30985915492957744,ccdA
0.3116883116883117,fabH
0.25,hycD
0.27941176470588236,echA5
0.18571428571428572,Rv0738-Rv0739
0.345679012345679,Rv1473
0.2682926829268293,Rv1812c
0.2631578947368421,lexA
0.15942028985507245,PE_PGRS41-cysA1
0.27710843373493976,ephA
0.3088235294117647,Rv0998
0.2804878048780488,ribA2
0.234375,Rv1772-Rv1773c
0.25,cysQ
0.20967741935483872,fabD
0.2328767123287671,aroF
0.30303030303030304,Rv3679
0.22857142857142856,Rv0043c-Rv0044c
0.17721518987341772,Rv3195
0.2926829268292683,thiC-Rv0424c
0.24358974358974358,Rv0523c
0.3492063492063492,tcrA
0.2777777777777778,ompA
0.17582417582417584,Rv1081c
0.2698412698412698,ctaB-PE_PGRS28
0.27586206896551724,Rv1619
0.19736842105263158,pheS
0.2911392405063291,Rv2008c
0.2727272727272727,Rv2272
0.23943661971830985,tsf
0.20253164556962025,Rv3289c
0.21951219512195122,fadD3
0.25316455696202533,Rv3577
0.20454545454545456,Rv3632-Rv3633
0.36,pirG-Rv3811
0.2676056338028169,Rv3209
0.26436781609195403,esxD-PPE69
0.1746031746031746,hemA
0.32894736842105265,rpsH
0.14754098360655737,Rv0021c-whiB5
0.2564102564102564,purC
0.2727272727272727,Rv2772c-dapB
0.15151515151515152,Rv1056
0.21428571428571427,lysA
0.2631578947368421,Rv1466-fadE15
0.1827956989247312,lppL-pyrD
0.28205128205128205,Rv2285-Rv2286c
0.29850746268656714,rpiB-Rv2466c
0.19117647058823528,Rv2806-Rv2807
0.3181818181818182,Rv3013
0.21311475409836064,add
0.35,iniC
0.288135593220339,fbpD-fbpA
0.2222222222222222,Rv2492
0.18421052631578946,mazE1
0.2619047619047619,Rv2067c
0.19047619047619047,Rv2972c
0.25,hab
0.21666666666666667,Rv3851
0.21428571428571427,Rv2541-Rv2542
0.2535211267605634,tam
0.21052631578947367,Rv3720
0.25,Rv2361c
0.23076923076923078,Rv1036c-esxI
0.21333333333333335,Rv0110-Rv0111
0.19047619047619047,Rv0397-Rv0397A
0.2328767123287671,lpqO-Rv0605
0.323943661971831,Rv1151c-Rv1152
0.1780821917808219,vapB44-Rv3322c
0.29508196721311475,Rv3438
0.2,mycP5
0.3484848484848485,Rv1671
0.2,hemZ
0.3055555555555556,Rv1535-ileS
0.1625,Rv1861-adhA
0.27419354838709675,mmuM
0.2916666666666667,Rv3055
0.16,eccD4
0.3522727272727273,Rv3575c-lppH
0.19047619047619047,Rv3631
0.18181818181818182,thrU-Rv3644c
0.15384615384615385,Rv0610c-Rv0611c
0.2619047619047619,Rv0681-rpsL
0.3287671232876712,aroE
0.16,hsaF
0.23333333333333334,Rv1265
0.23529411764705882,Rv1024
0.22413793103448276,cyp130
0.3108108108108108,Rv1322
0.23728813559322035,Rv1685c
0.20987654320987653,gabD1
0.25,Rv2797c
0.3142857142857143,Rv3463
0.17391304347826086,Rv3468c
0.3188405797101449,Rv3863
0.2736842105263158,ackA
0.23728813559322035,sodC
0.19736842105263158,Rv0968-ctpV
0.20512820512820512,echA9-Rv1072
0.18571428571428572,Rv1501
0.23809523809523808,AS1890
0.3582089552238806,mazE7
0.2716049382716049,wag31-Rv2146c
0.13559322033898305,moxR2-Rv3693
0.2619047619047619,Rv1261c
0.19444444444444445,fadD12
0.2261904761904762,Rv1954c
0.25316455696202533,Rv1291c
0.2112676056338028,Rv2159c
0.16455696202531644,fadD5-yrbE1A
0.25,Rv0204c
0.16470588235294117,Rv0488-gpm1
0.2077922077922078,phoY2
0.15714285714285714,echA6
0.2948717948717949,Rv0965c
0.28169014084507044,sugB
0.2,Rv2733c-Rv2734
0.30303030303030304,Rv3363c
0.27631578947368424,lpqD
0.24285714285714285,Rv1395
0.2112676056338028,Rv1861
0.21052631578947367,Rv0817c-Rv0818
0.24615384615384617,rpsR2
0.25316455696202533,Rv0828c
0.29850746268656714,Rv0910-Rv0911
0.2537313432835821,TB8.4
0.2891566265060241,ftsQ
0.14814814814814814,iunH-Rv3394c
0.189873417721519,cydB
0.20967741935483872,Rv1887
0.2641509433962264,Rv1897c
0.22077922077922077,Rv1977-Rv1978
0.2289156626506024,Rv2258c
0.2777777777777778,dgt
0.2804878048780488,Rv2600
0.3108108108108108,fecB
0.18840579710144928,Rv3603c-Rv3604c
0.2537313432835821,glpQ1
0.20588235294117646,Rv0567
0.22950819672131148,Rv0047c
0.3253012048192771,Rv0111
0.2647058823529412,Rv0312-Rv0313
0.22535211267605634,hemB
0.23809523809523808,vapC8
0.2191780821917808,vapB13
0.1917808219178082,dapA
0.30158730158730157,pyrH
0.208955223880597,Rv3041c
0.2972972972972973,Rv3210c-rhlE
0.25842696629213485,Rv3268-Rv3269
0.19696969696969696,pepA-treS
0.2857142857142857,Rv3566A-hsaB
0.30666666666666664,Rv0686
0.24285714285714285,Rv0225
0.19117647058823528,Rv1062
0.171875,Rv2271
0.23684210526315788,Rv3435c
0.3048780487804878,tpi
0.23333333333333334,Rv1571-Rv1572c
0.23376623376623376,ureF
0.1875,viuB
0.24358974358974358,Rv0133-ephF
0.3142857142857143,sucD-Rv0953c
0.2602739726027397,Rv2177c-aroG
0.2077922077922078,fba
0.20689655172413793,Rv0857
0.26804123711340205,scpB
0.25,ahpE
0.2054794520547945,cobO
0.22058823529411764,Rv2983
0.30434782608695654,PPE58-Rv3427c
0.25,gshA-Rv3705c
0.21794871794871795,Rv0249c
0.27941176470588236,sigL
0.1935483870967742,inhA
0.2777777777777778,Rv1928c
0.2608695652173913,proB
0.2857142857142857,Rv2887
0.19672131147540983,Rv3360
0.2602739726027397,yrbE4A
0.21794871794871795,Rv2525c
0.2619047619047619,fadE23-fadB4
0.2916666666666667,Rv3166c
0.1956521739130435,deoA
0.24615384615384617,kmtR
0.2318840579710145,Rv0910
0.273972602739726,Rv1476-ripA
0.20833333333333334,Rv1588c-bioB
0.1774193548387097,vapC34
0.26865671641791045,Rv2038c
0.25301204819277107,Rv2515c-Rv2516c
0.25396825396825395,Rv2548A
0.2727272727272727,frr
0.2318840579710145,Rv3208
0.22580645161290322,eccE3
0.23809523809523808,Rv0786c
0.3333333333333333,pip-Rv0841
0.25333333333333335,Rv2617c-Rv2618
0.22857142857142856,ribD
0.26229508196721313,Rv3013-ligA
0.19736842105263158,Rv3525c-kshA
0.2625,lpqF-Rv3594
0.2714285714285714,Rv0463
0.2786885245901639,menA
0.171875,Rv0470A
0.26865671641791045,cysA2
0.3026315789473684,fadD21-Rv1186c
0.288135593220339,Rv2118c
0.3157894736842105,Rv3216
0.20588235294117646,Rv1360
0.19444444444444445,rplO-sppA
0.13333333333333333,Rv0880
0.2125,Rv1990c
0.25,fhaB
0.3037974683544304,vapC25
0.3118279569892473,Rv0920c-Rv0921
0.24,Rv1137c
0.2222222222222222,Rv1276c-Rv1277
0.1951219512195122,lprG
0.24193548387096775,pheT-PE_PGRS30
0.3333333333333333,murX
0.2878787878787879,lipP
0.16470588235294117,Rv2635
0.2857142857142857,echA15
0.2638888888888889,Rv2729c
0.2463768115942029,ephG
0.24285714285714285,mpt70
0.3333333333333333,whiB7-uvrD2
0.2903225806451613,Rv3212
0.25757575757575757,mpr18-PE_PGRS60
0.2631578947368421,Rv3840
0.30985915492957744,mku-ligD
0.26582278481012656,Rv1097c
0.2318840579710145,Rv3843c-MTS2975
0.2077922077922078,Rv1115
0.21794871794871795,sugC-corA
0.21951219512195122,cysK1
0.2698412698412698,Rv2771c
0.23333333333333334,Rv2980
0.1625,accA3
0.2857142857142857,mgtA
0.2597402597402597,Rv2081c-Rv2082
0.17567567567567569,Rv2695
0.2777777777777778,Rv0023
0.24691358024691357,PPE3-Rv0281
0.2625,mmaA2-mmaA1
0.27631578947368424,whiA
0.208955223880597,lprJ
0.2261904761904762,Rv2033c-Rv2034
0.23728813559322035,Rv2282c-Rv2283
0.25675675675675674,Rv2390c
0.2602739726027397,argW-echA14
0.2,Rv3058c
0.21739130434782608,Rv3217c
0.20967741935483872,lpqC
0.2894736842105263,Rv3439c
0.19736842105263158,Rv1072
0.2716049382716049,Rv2250c
0.21875,Rv3235
0.2463768115942029,Rv1735c-narX
0.27692307692307694,Rv0059
0.23684210526315788,Rv0078B
0.2465753424657534,gca
0.21686746987951808,fadE2
0.225,PE4-Rv0161
0.2328767123287671,Rv0580c-vapB26
0.2191780821917808,Rv0730-Rv0731c
0.2891566265060241,trcS-trcR
0.15,Rv1976c
0.1728395061728395,Rv2235
0.23943661971830985,vapC41
0.2222222222222222,adhD
0.3142857142857143,Rv3431c-gadB
0.2247191011235955,Rv3829c-Rv3830c
0.24615384615384617,Rv3368c
0.2571428571428571,dppD
0.20634920634920634,thiD-thiC
0.2,eccA3
0.17333333333333334,Rv0531
0.2222222222222222,gltA2
0.15942028985507245,rpmF
0.19444444444444445,blaC
0.20689655172413793,fadD35
0.2638888888888889,sigH-Rv3224
0.22972972972972974,Rv0180c-Rv0181c
0.20512820512820512,Rv0454
0.2898550724637681,Rv1085c
0.2878787878787879,Rv3387-PE_PGRS52
0.23943661971830985,Rv1727
0.19444444444444445,rpsN2
0.16483516483516483,Rv2237A
0.25333333333333335,Rv2665
0.2702702702702703,Rv2844
0.2840909090909091,Rv0100
0.2727272727272727,Rv0420c
0.2727272727272727,Rv0464c
0.22580645161290322,Rv0730
0.25675675675675674,Rv1341
0.225,Rv1352
0.18840579710144928,Rv2694c
0.2236842105263158,hns
0.2328767123287671,Rv3643
0.2727272727272727,sigC
0.2054794520547945,mce1F
0.18840579710144928,Rv1973-Rv1974
0.25,Rv3070
0.18666666666666668,Rv1245c
0.26865671641791045,mce3R
0.26153846153846155,rnpB
0.25,folC
0.24242424242424243,Rv3222c
0.23529411764705882,leuA-dnaQ
0.3150684931506849,Rv3352c
0.2676056338028169,lpqS-cysK2
0.2903225806451613,echA2-mazF1
0.23880597014925373,Rv0919
0.22580645161290322,Rv1531
0.20833333333333334,Rv1780
0.23333333333333334,Rv2269c
0.32727272727272727,sirA
0.30666666666666664,Rv2409c
0.19736842105263158,Rv2506
0.20253164556962025,ldtB-lysU
0.21428571428571427,Rv2804c
0.2839506172839506,Rv2851c
0.2375,mpt53
0.2222222222222222,Rv3162c
0.19402985074626866,fic
0.24561403508771928,Rv2283
0.2028985507246377,Rv2803-Rv2804c
0.15,Rv0574c-Rv0575c
0.22784810126582278,PE14-Rv1215c
0.26436781609195403,cut1-wag22
0.1791044776119403,dnaN
0.29411764705882354,mtn
0.22972972972972974,Rv0177
0.22093023255813954,Rv0544c
0.2077922077922078,citA-Rv0890c
0.18055555555555555,gltA2-Rv0897c
0.16666666666666666,udgB
0.2714285714285714,cyp132-Rv1395
0.3709677419354839,Rv2223c
0.2,Rv2304c
0.16901408450704225,Rv3813c
0.14516129032258066,PE36-eccC2
0.22972972972972974,Rv0997
0.22666666666666666,Rv1856c
0.25,Rv2554c
0.3048780487804878,Rv3780
0.19047619047619047,Rv3767c-Rv3768
0.16129032258064516,blaR
0.3584905660377358,Rv2459
0.3,Rv3032
0.27710843373493976,Rv3613c-espD
0.19402985074626866,mce1C
0.19718309859154928,PPE13-Rv0879c
0.28378378378378377,Rv2004c
0.20588235294117646,Rv3066
0.29545454545454547,mce3C
0.2625,pfkB
0.2463768115942029,devB
0.2625,fadE16
0.2972972972972973,Rv0460
0.32894736842105265,cysH
0.2413793103448276,Rv0208c-Rv0209
0.19736842105263158,Rv2762c
0.24358974358974358,Rv0601c
0.22666666666666666,Rv1324-PE_PGRS24
0.23809523809523808,Rv0953c-Rv0954
0.208955223880597,Rv1083
0.22857142857142856,rrs-rrl
0.2727272727272727,Rv1473-Rv1473A
0.2,Rv2348c
0.26666666666666666,aprB
0.275,Rv2456c-clpX
0.23076923076923078,Rv3527-Rv3528c
0.28169014084507044,Rv3851-hns
0.24193548387096775,Rv1831
0.225,rpmG2
0.18055555555555555,fabD2
0.2631578947368421,hisB
0.20270270270270271,Rv1556-mmpL6
0.1746031746031746,fas-Rv2525c
0.2,Rv0161-adhE1
0.23076923076923078,Rv1742
0.18333333333333332,Rv1882c
0.27906976744186046,cadI
0.3698630136986301,ephG-PE_PGRS47
0.22666666666666666,Rv3099c
0.2602739726027397,PPE57-PPE58
0.25806451612903225,Rv2146c-Rv2147c
0.28205128205128205,mazF1
0.1643835616438356,Rv2260
0.2857142857142857,Rv2331
0.2753623188405797,Rv2695-Rv2696c
0.24675324675324675,Rv2704
0.22857142857142856,vapC42
0.25,groEL1
0.2727272727272727,glf-pirG
0.24,PPE68-esxB
0.18309859154929578,alaS
0.35135135135135137,Rv2824c
0.2619047619047619,vapB43
0.26506024096385544,ask-leuA
0.21212121212121213,cydD
0.14084507042253522,rplU-dctA
0.1728395061728395,gpgP
0.25396825396825395,Rv0078B-Rv0079
0.2647058823529412,rskA-sigK
0.2716049382716049,gpdA1-Rv0565c
0.28735632183908044,PPE12-Rv0755A
0.2923076923076923,celA2b-PE_PGRS22
0.22972972972972974,gpgS-Rv1209
0.19402985074626866,pyrF-PE15
0.24675324675324675,Rv1424c-Rv1425
0.23076923076923078,trpC-trpB
0.16049382716049382,Rv1638A
0.25333333333333335,Rv1682-Rv1683
0.2987012987012987,Rv1906c-Rv1907c
0.20224719101123595,Rv3172c
0.2926829268292683,lpqG
0.208955223880597,whiB4
0.14634146341463414,wbbL1
0.24285714285714285,ASdes-Rv0825c
0.20270270270270271,Rv2325c
0.18181818181818182,hadB
0.1875,cysD
0.2191780821917808,Rv1593c
0.273972602739726,gcvB-Rv1833c
0.16883116883116883,ilvE
0.27631578947368424,metK
0.3055555555555556,Rv2302
0.3246753246753247,Rv2767c
0.26785714285714285,Rv0268c-Rv0269c
0.2537313432835821,fabG4-fadA2
0.3150684931506849,clpB-Rv0385
0.225,Rv0811c
0.3125,dprE2
0.2535211267605634,papA2-Rv3821
0.23684210526315788,pncB2
0.21666666666666667,Rv0008c
0.2727272727272727,Rv1065
0.2236842105263158,glgE-glgP
0.2727272727272727,Rv2734
0.2465753424657534,trmD
0.18055555555555555,Rv2306B
0.38095238095238093,hemE
0.2191780821917808,echA18.1
0.2926829268292683,leuT-Rv0021c
0.2127659574468085,mce1R-fadD5
0.25,glpQ2
0.208955223880597,rpsS
0.18055555555555555,Rv0881
0.20253164556962025,Rv0926c
0.2727272727272727,Rv1225c-Rv1226c
0.2222222222222222,Rv1351-Rv1352
0.22666666666666666,Rv1462
0.23376623376623376,Rv2375
0.2413793103448276,vapC21
0.24193548387096775,ctaD-fecB
0.19672131147540983,Rv1947
0.3026315789473684,Rv2327
0.2753623188405797,Rv0311-Rv0312
0.1794871794871795,Rv3626c
0.25,Rv0145-Rv0146
0.2318840579710145,Rv0259c
0.3064516129032258,kdpC
0.24324324324324326,Rv1510-gmdA
0.26785714285714285,Rv1903
0.19736842105263158,Rv2226-rnpB
0.2602739726027397,Rv2360c
0.24675324675324675,mobA
0.2222222222222222,Rv2558
0.2876712328767123,secD
0.35443037974683544,Rv3169-aofH
0.22535211267605634,purK
0.3225806451612903,Rv3675
0.25925925925925924,esxE
0.13636363636363635,Rv1893
0.28125,gpgS
0.26865671641791045,Rv2296
0.3275862068965517,Rv1498A
0.273972602739726,Rv1813c-erg3
0.24390243902439024,Rv3142c
0.21052631578947367,thiC
0.2077922077922078,Rv0887c
0.24675324675324675,Rv1367c-lprF
0.2028985507246377,acg
0.26153846153846155,helZ-Rv2102
0.265625,Rv2672-aftC
0.27631578947368424,Rv2776c-Rv2777c
0.27631578947368424,Rv2912c
0.14516129032258066,Rv1581c-Rv1582c
0.2602739726027397,PE_PGRS40-Rv2372c
0.3384615384615385,PE_PGRS47-Rv2742c
0.2465753424657534,vapB27
0.2857142857142857,esxK
0.225,vapB37
0.2191780821917808,apt
0.21951219512195122,Rv3114-Rv3115
0.2916666666666667,Rv3207c
0.323943661971831,mhpE
0.2727272727272727,Rv3678c
0.27941176470588236,mbtC
0.2875,Rv0078
0.1746031746031746,Rv0122
0.35,fgd2-Rv0133
0.2222222222222222,Rv0138
0.208955223880597,Rv0250c
0.3150684931506849,Rv0265c
0.24,Rv0455c
0.28169014084507044,gpm1-senX3
0.21621621621621623,Rv0658c-mazF2
0.25,Rv0875c
0.16666666666666666,Rv0970-echA7
0.3076923076923077,Rv1155-Rv1156
0.20833333333333334,mcr10
0.22535211267605634,pyrB
0.32142857142857145,Rv1632c-uvrB
0.2571428571428571,cfp21
0.2,pfkB-Rv2030c
0.275,Rv2348c-plcC
0.2537313432835821,rpfE-Rv2451
0.2702702702702703,dxr
0.19402985074626866,sdhD-sdhA
0.2597402597402597,Rv3403c-Rv3404c
0.23880597014925373,mce4B
0.22580645161290322,ddn
0.36363636363636365,hpt
0.1839080459770115,cobQ2
0.20588235294117646,tgs2
0.25882352941176473,rfbD
0.28378378378378377,ethA-ethR
0.16216216216216217,Rv1692
0.23684210526315788,fadE29
0.34285714285714286,mazF5
0.2804878048780488,gcvH-garA
0.22058823529411764,rseA
0.19298245614035087,Rv0500A
0.2463768115942029,Rv0579
0.1951219512195122,lpqR-Rv0839
0.17105263157894737,fcoT
0.25862068965517243,Rv0328
0.25,Rv0492A
0.1875,Rv0787
0.19607843137254902,cmk
0.28205128205128205,fabG3-Rv2003c
0.26666666666666666,Rv2132-Rv2133c
0.2,Rv3278c-birA
0.3114754098360656,truA
0.2602739726027397,Rv3735
0.3013698630136986,Rv3197-whiB7
0.2597402597402597,pnp
0.203125,vapB26
0.23170731707317074,cobU
0.19736842105263158,Rv0822c-Rv0823c
0.2696629213483146,aroG-Rv2179c
0.30303030303030304,Rv2273
0.22535211267605634,rraA
0.1927710843373494,Rv1422
0.2894736842105263,Rv3517-cyp142
0.2727272727272727,Rv0232
0.22784810126582278,fadD14-Rv1059
0.2125,trxA
0.22826086956521738,Rv3693-Rv3694c
0.1791044776119403,PE25-Rv2432c
0.19767441860465115,pepN
0.2702702702702703,nicT
0.2682926829268293,Rv2963-purU
0.30952380952380953,dppC
0.3,Rv3816c
0.2222222222222222,Rv1828-Rv1829
0.22077922077922077,Rv2219A
0.22727272727272727,Rv2336
0.2191780821917808,cut2-Rv2302
0.2638888888888889,asnT
0.27848101265822783,mmpS4
0.2328767123287671,Rv1748
0.18292682926829268,Rv1951c-vapB14
0.20588235294117646,vapB35
0.3088235294117647,Rv1990c-Rv1990A
0.23943661971830985,fabG3
0.24242424242424243,panD
0.2727272727272727,Rv3690
0.27941176470588236,Rv1106c
0.25,Rv1401
0.23636363636363636,argD
0.20689655172413793,fadA5
0.2602739726027397,Rv1474c
0.14492753623188406,Rv1134
0.2972972972972973,Rv1829
0.20512820512820512,dedA
0.189873417721519,Rv2803
0.19736842105263158,gmhB
0.23943661971830985,fbpC
0.19444444444444445,Rv0615
0.3508771929824561,Rv0625c-vapB5
0.22727272727272727,Rv0695
0.3142857142857143,Rv1271c-Rv1272c
0.2962962962962963,Rv1273c-lprB
0.32,Rv1513
0.2318840579710145,papA4
0.2631578947368421,Rv1590
0.21621621621621623,Rv1668c-Rv1669
0.2564102564102564,Rv1776c-cyp144
0.3287671232876712,Rv1954A
0.19696969696969696,Rv2186c-fadD15
0.22972972972972974,Rv2622
0.2692307692307692,PPE50-PPE51
0.2608695652173913,rimI
0.21428571428571427,Rv3583c-lpqE
0.18055555555555555,PE_PGRS62-Rv3813c
0.171875,Rv2603c
0.21739130434782608,Rv3811-PE_PGRS62
0.2328767123287671,Rv0042c-Rv0043c
0.16666666666666666,vapB30
0.17567567567567569,Rv0696
0.20833333333333334,ctpE-Rv0909
0.2535211267605634,pstS2-pstB
0.1891891891891892,pth
0.2702702702702703,Rv3273
0.32941176470588235,Rv3771c
0.3382352941176471,hemK
0.2222222222222222,mbtE-mbtD
0.2328767123287671,psd-moeA2
0.3157894736842105,gpm1
0.23529411764705882,Rv0188
0.20833333333333334,Rv2406c
0.2535211267605634,Rv0361
0.22727272727272727,menA-pnp
0.2638888888888889,rplA
0.1917808219178082,Rv1339
0.2328767123287671,dapF
0.19402985074626866,vapC44
0.3076923076923077,mycP1-eccA2
0.2,nrdZ-Rv0571c
0.18571428571428572,Rv3732-Rv3733c
0.2714285714285714,murA
0.21428571428571427,era
0.23943661971830985,Rv0743c
0.3194444444444444,proC-Rv0500A
0.2222222222222222,desA2
0.20270270270270271,Rv1786-PPE25
0.28169014084507044,Rv2454c
0.28169014084507044,Rv2466c-pepN
0.22784810126582278,secD-yajC
0.30985915492957744,Rv3896c-Rv3897c
0.22580645161290322,PPE56-Rv3351c
0.2033898305084746,gpsI-lppU
0.24096385542168675,moaD1
0.19672131147540983,Rv1504c-Rv1505c
0.29577464788732394,Rv3258c
0.13636363636363635,upp
0.25,rplB
0.20930232558139536,echA11-echA10
0.26582278481012656,narH
0.18518518518518517,cydA
0.25,cfp2-mbtH
0.3235294117647059,sigH
0.22857142857142856,Rv3725-Rv3726
0.23376623376623376,Rv0221-echA1
0.18292682926829268,Rv2639c-Rv2640c
0.30434782608695654,Rv3190A-Rv3191c
0.2465753424657534,PPE62-hsaF
0.29411764705882354,Rv3741c
0.2077922077922078,mmaA4-mmaA3
0.17333333333333334,Rv0441c
0.2647058823529412,Rv0465c-Rv0466
0.2833333333333333,Rv0740
0.20833333333333334,rfe
0.2702702702702703,Rv1779c-Rv1780
0.3220338983050847,Rv2638
0.26666666666666666,Rv2862c
0.31343283582089554,Rv3647c
0.22972972972972974,Rv3649-PE33
0.3055555555555556,Rv3789-dprE1
0.20634920634920634,aceE
0.29577464788732394,clpP2
0.2608695652173913,Rv0061c-celA1
0.25,Rv2172c
0.19696969696969696,Rv2310-Rv2311
0.11764705882352941,irtB
0.2638888888888889,Rv1432
0.1935483870967742,Rv2189c-Rv2190c
0.2625,devR
0.25,Rv3371-otsB2
0.20253164556962025,Rv0397A
0.2564102564102564,lpqV
0.13636363636363635,Rv1140-echA11
0.1791044776119403,PPE45-Rv2893
0.22413793103448276,Rv3627c-ppa
0.2558139534883721,ctpJ-nmtR
0.25,fadD11.1
0.25,Rv1919c
0.2,Rv1443c-Rv1444c
0.2,Rv3342
0.1728395061728395,Rv0371c
0.21428571428571427,greA-Rv1081c
0.18840579710144928,Rv2599-Rv2600
0.25757575757575757,aftC-msrB
0.14473684210526316,trpC
0.2608695652173913,Rv0963c-Rv0964c
0.1791044776119403,dnaG-dgt
0.25,Rv3405c-Rv3406
0.2361111111111111,Rv3549c
0.26744186046511625,mce2R
0.15714285714285714,hadC
0.2235294117647059,Rv1813c
0.31746031746031744,pdxH-PPE42
0.1780821917808219,Rv3335c
0.3333333333333333,Rv3365c-spoU
0.21333333333333335,Rv1723-Rv1724c
0.22580645161290322,Rv3169
0.20833333333333334,pknE-Rv1744c
0.21794871794871795,Rv3212-Rv3213c
0.21333333333333335,Rv0870c-cspB
0.22972972972972974,Rv1000c-arcA
0.288135593220339,esxJ-PPE15
0.16393442622950818,irtB-fabG2
0.2916666666666667,lppT-PPE28
0.14285714285714285,dop-Rv2113
0.23880597014925373,Rv2438A
0.30666666666666664,Rv2484c-lipQ
0.22058823529411764,cyp135B1
0.18518518518518517,choD-guaB3
0.2,dfrA
0.2537313432835821,vapB27-Rv0600c
0.24324324324324326,Rv0650-rplJ
0.29411764705882354,php-fadE4
0.31645569620253167,Rv0369c
0.2077922077922078,vapB33
0.22093023255813954,Rv3098c
0.26865671641791045,Rv3644c
0.1935483870967742,sdhB-vapC44
0.2235294117647059,Rv3604c-Rv3605c
0.30357142857142855,Rv3819
0.22580645161290322,Rv0612
0.2976190476190476,dfp-metK
0.15,vapB34
0.21428571428571427,aceAb-PPE34
0.1935483870967742,Rv2033c
0.32051282051282054,ftsZ
0.23376623376623376,rpfD
0.2345679012345679,rnc
0.22727272727272727,cpsY-Rv0807
0.189873417721519,canA-cysD
0.15873015873015872,Rv1535
0.2222222222222222,Rv1958c
0.14516129032258066,Rv2459-clpP2
0.16393442622950818,Rv0349-dnaK
0.323943661971831,Rv2288
0.2597402597402597,bcp
0.1875,Rv2738c
0.22033898305084745,virS-Rv3083
0.19736842105263158,groEL1-groES
0.23529411764705882,nuoE
0.22666666666666666,guaB3
0.2727272727272727,adk
0.2125,Rv3143
0.22972972972972974,rplS
0.23333333333333334,Rv3098A
0.27710843373493976,pgsA2
0.3283582089552239,Rv2297
0.25,cysE-Rv2336
0.296875,Rv2432c
0.1643835616438356,asd
0.18571428571428572,cyp135B1-Rv0569
0.21951219512195122,Rv3253c
0.26229508196721313,Rv1004c-pabB
0.19718309859154928,Rv1203c
0.24285714285714285,pdxH
0.25675675675675674,Rv3034c
0.3088235294117647,fadA3-Rv1075c
0.23076923076923078,cyp143-Rv1786
0.22950819672131148,Rv2762c-dfrA
0.3157894736842105,relF
0.3076923076923077,PPE30-PE_PGRS32
0.22535211267605634,Rv3600c
0.24324324324324326,Rv0150c
0.2625,Rv1066
0.23809523809523808,Rv0196
0.208955223880597,Rv2954c-Rv2955c
0.1875,mpt63-Rv1927
0.24615384615384617,Rv1816-Rv1817
0.29850746268656714,Rv2091c
0.2318840579710145,pks16-pth
0.22916666666666666,ndkA
0.25757575757575757,Rv2102
0.35,Rv1332
0.3157894736842105,Rv1434
0.2916666666666667,Rv3095-Rv3096
0.25806451612903225,Rv2478c
0.14492753623188406,Rv2640c
0.23076923076923078,Rv1670
0.1875,ruvA
0.27848101265822783,Rv3259
0.23809523809523808,Rv1120c-zwf1
0.17105263157894737,nadD
0.234375,ssr-Rv3099c
0.24242424242424243,Rv3120
0.2777777777777778,Rv0273c
0.2857142857142857,Rv0383c-clpB
0.15384615384615385,rubA
0.23809523809523808,cdd
0.14102564102564102,hsaB
0.1891891891891892,hsdS.1
0.23943661971830985,Rv0008c-ppiA
0.2328767123287671,Rv0073
0.33783783783783783,Rv0208c
0.25,Rv0224c-Rv0225
0.2727272727272727,emrB-Rv0784
0.20833333333333334,Rv1205
0.2692307692307692,Rv1268c
0.21686746987951808,atpF
0.20270270270270271,pncB1-Rv1331
0.20987654320987653,vapB36
0.17857142857142858,Rv2054
0.2345679012345679,Rv2144c
0.21333333333333335,mmpS3-Rv2199c
0.14285714285714285,cobD
0.27941176470588236,Rv2569c
0.2328767123287671,Rv2630
0.13636363636363635,Rv2808
0.2361111111111111,PPE46-PE27A
0.25,Rv3493c
0.15517241379310345,Rv3529c
0.19736842105263158,espD
0.29310344827586204,Rv3802c
0.21428571428571427,mcr-Rv1144
0.19672131147540983,mrr-Rv2529
0.32727272727272727,gluT-aspT
0.25333333333333335,rpsF
0.24242424242424243,polA-rpsA
0.208955223880597,nrdF2
0.18666666666666668,Rv1855c-Rv1856c
0.24324324324324326,Rv2025c-Rv2026c
0.22058823529411764,Rv0121c-Rv0122
0.24242424242424243,Rv0813c-sseC2
0.21666666666666667,PPE21-fadD11.1
0.2698412698412698,cdd-sdhC
0.2222222222222222,rpmB1
0.21176470588235294,Rv1370c-Rv1371
0.21428571428571427,moxR1
0.13114754098360656,rrl-rrf
0.18947368421052632,hrp1
0.23684210526315788,Rv0332
0.2839506172839506,bfrA
0.265625,Rv2229c
0.16883116883116883,Rv2424c-Rv2425c
0.3064516129032258,Rv3636-Rv3637
0.2608695652173913,Rv3748
0.26865671641791045,Rv0609A-B55
0.2631578947368421,Rv0394c
0.2962962962962963,Rv0390
0.25806451612903225,PE_PGRS11-PPE12
0.24096385542168675,Rv0941c
0.24691358024691357,esxA
0.22972972972972974,proU
0.2073170731707317,lipX-mshB
0.18309859154929578,gap
0.2857142857142857,rpsP-Rv2910c
0.22972972972972974,mtrA
0.2235294117647059,Rv3312c-Rv3312A
0.25396825396825395,Rv2405
0.27631578947368424,lprO-Rv0180c
0.27848101265822783,Rv0740-Rv0741
0.2857142857142857,Rv2054-rpsR2
0.25757575757575757,rplQ
0.14814814814814814,Rv1701-Rv1702c
0.2112676056338028,espG1-espH
0.35294117647058826,hupB
0.2054794520547945,Rv3095
0.19230769230769232,Rv3224B
0.20833333333333334,Rv1875-bfrA
0.24615384615384617,icl1
0.24358974358974358,Rv2645
0.2345679012345679,Rv0227c-Rv0228
0.23376623376623376,msrB
0.17582417582417584,mpt83
0.2777777777777778,entC
0.16883116883116883,vapB46
0.234375,tcrX
0.18461538461538463,mtn-ctpA
0.2,Rv2581c
0.225,Rv3915-Rv3916c
0.22727272727272727,Rv0195
0.22388059701492538,esxF
0.22727272727272727,prrA-accD3
0.19696969696969696,Rv0712
0.3076923076923077,Rv0513
0.25316455696202533,Rv1081c-mca
0.25925925925925924,rplT
0.2328767123287671,hisG
0.22784810126582278,Rv2772c
0.19047619047619047,Rv3751-serX
0.2463768115942029,lipN-Rv2970A
0.28378378378378377,Rv3353c-Rv3354
0.25396825396825395,Rv0238-vapB24
0.23529411764705882,Rv0306
0.28,Rv1974
0.28125,Rv1697
0.18840579710144928,serU
0.22580645161290322,Rv3629c
0.16129032258064516,Rv3706c
0.21052631578947367,fadA4-Rv1324
0.2191780821917808,vapB23
0.3617021276595745,mmpS3
0.24,MTS1082-Rv1375
0.2702702702702703,Rv1558
0.25,dnaG
0.15625,ltp4
0.25,argG-argH
0.2535211267605634,nudC-Rv3200c
0.25757575757575757,cpsA
0.2857142857142857,Rv0313
0.1794871794871795,oxyR-ahpC
0.2727272727272727,Rv2792c-truB
0.30434782608695654,Rv3660c
0.25,Rv0488
0.2537313432835821,Rv0769
0.3333333333333333,blaI-Rv1847
0.18666666666666668,Rv1413
0.20833333333333334,thyA-Rv2765
0.2727272727272727,PPE10-Rv0443
0.2463768115942029,mmpS2
0.16216216216216217,cobL-Rv2073c
0.18421052631578946,Rv3050c-nrdE
0.2564102564102564,Rv0106
0.20967741935483872,Rv1084-Rv1085c
0.2463768115942029,Rv1268c-Rv1269c
0.24,Rv1648-pheS
0.25,Rv2260-Rv2261c
0.23529411764705882,gatC
0.1875,ctpD-trxA
0.2537313432835821,Rv3064c
0.2571428571428571,PE26-Rv2520c
0.2602739726027397,Rv1491c-mutA
0.3018867924528302,esxQ
0.27419354838709675,orn
0.36585365853658536,Rv2314c
0.15384615384615385,ansA-lspA
0.18055555555555555,Rv3131
0.3157894736842105,Rv1616
0.25396825396825395,Rv1873
0.22058823529411764,Rv3226c-aroA
0.26666666666666666,ruvC
0.1951219512195122,Rv0248c
0.24675324675324675,fdxA-Rv2008c
0.2916666666666667,mmaA3-mmaA2
0.2191780821917808,Rv1155
0.208955223880597,ssr
0.18032786885245902,rsbW
0.19672131147540983,rsbW-usfY
0.2054794520547945,Rv3762c-lpqH
0.35526315789473684,fadD9-PE_PGRS44
0.2753623188405797,Rv0364
0.2608695652173913,Rv0566c
0.24324324324324326,Rv2114
0.26436781609195403,hpx-Rv3172c
0.2619047619047619,Rv2811
0.2987012987012987,Rv1313c-Rv1314c
0.24358974358974358,pgk
0.18461538461538463,Rv2323c
0.1724137931034483,fixA
0.29577464788732394,nuoC
0.18421052631578946,whiB3-groEL1
0.2535211267605634,Rv1324
0.3076923076923077,Rv2816c
0.2361111111111111,Rv0461-lpdC
0.2261904761904762,garA
0.22,Rv0093c-Rv0094c
0.2222222222222222,Rv0038
0.25,hbhA-Rv0476
0.275,Rv0521-gabP
0.24358974358974358,Rv0691A
0.12698412698412698,Rv1717
0.2878787878787879,espF
0.27631578947368424,PE_PGRS33-bacA
0.3253012048192771,Rv0925c-Rv0926c
0.29850746268656714,Rv0204c-Rv0205
0.23809523809523808,trcR-Rv1034c
0.20270270270270271,Rv3173c
0.14705882352941177,Rv0236A-lpqI
0.3142857142857143,vapB12
0.19318181818181818,cmtR
0.2753623188405797,relG-Rv2867c
0.2558139534883721,glnU-gltS
0.13513513513513514,Rv3769
0.22666666666666666,Rv1049
0.32926829268292684,Rv2913c-pknI
0.2345679012345679,Rv3753c-tyrA
0.25333333333333335,vapC46
0.2191780821917808,pstP-fhaB
0.15254237288135594,Rv0360c-Rv0361
0.20512820512820512,PPE32-PPE33
0.37142857142857144,Rv1847-ureA
0.2222222222222222,fadE22-ligB
0.25925925925925924,fadA4
0.2608695652173913,tyrS-G2
0.19230769230769232,leuC-Rv2989
0.2727272727272727,Rv1488
0.2361111111111111,relG
0.2682926829268293,Rv1887-Rv1888c
0.23943661971830985,Rv2951c-Rv2952
0.23684210526315788,rimJ-Rv0996
0.1891891891891892,leuS-Rv0042c
0.28378378378378377,Rv2765-Rv2766c
0.203125,mbtN
0.20270270270270271,sseC1
0.3055555555555556,Rv1112-vapB32
0.25,Rv0275c-Rv0276
0.1864406779661017,Rv0494
0.24675324675324675,vapB6
0.18309859154929578,rpsN1
0.2631578947368421,Rv0813c
0.18055555555555555,Rv0841-Rv0842
0.34782608695652173,Rv0945
0.3,fadE21
0.32098765432098764,Rv0128-fbpC
0.2328767123287671,Rv1626
0.288135593220339,higA
0.1891891891891892,Rv2929-fadD26
0.2835820895522388,Rv3269
0.18571428571428572,Rv0037c-Rv0038
0.35064935064935066,Rv1728c
0.24358974358974358,Rv2455c-Rv2456c
0.22058823529411764,hsp
0.19117647058823528,rplA-mmaA4
0.1780821917808219,Rv0939-Rv0940c
0.2602739726027397,Rv3049c-Rv3050c
0.2564102564102564,ftsX
0.29411764705882354,canB
0.2,espR-Rv3850
0.2191780821917808,Rv1592c-Rv1593c
0.18181818181818182,nmtR
0.20833333333333334,mmaA4
0.208955223880597,Rv0988-grcC2
0.3,hisI-chaA
0.27419354838709675,lpqT
0.2112676056338028,Rv1498c
0.19480519480519481,ldtB
0.23684210526315788,efp
0.2716049382716049,Rv2638-Rv2639c
0.234375,devR-Rv3134c
0.2054794520547945,eccB4-cut3
0.24358974358974358,Rv0526
0.21333333333333335,hadC-trpT
0.20253164556962025,hisF
0.29333333333333333,parE1
0.1111111111111111,Rv0076c
0.2698412698412698,Rv3688c
0.37142857142857144,Rv1961-vapC35
0.2878787878787879,Rv0430-Rv0431
0.2857142857142857,pknH-embR
0.2839506172839506,lppJ-Rv2081c
0.18055555555555555,Rv3369-dnaE2
0.14285714285714285,Rv0793-Rv0794c
0.25925925925925924,Rv3705c-Rv3705A
0.2535211267605634,vapC30
0.2602739726027397,groEL2
0.2891566265060241,menB-vapC3
0.3088235294117647,moeA1-rimJ
0.2727272727272727,PE29-Rv3023c
0.225,hsp-nirB
0.2857142857142857,Rv2369c
0.17721518987341772,Rv2239c-Rv2240c
0.2222222222222222,lppK
0.24050632911392406,Rv3076
0.22666666666666666,PPE54-PE_PGRS49
0.24,bcpB
0.265625,proA-oxyR
0.25,Rv0310c
0.2463768115942029,atpC
0.2631578947368421,coaE-Rv1632c
0.2463768115942029,Rv2970A
0.30120481927710846,Rv0367c-Rv0368c
0.1643835616438356,canA
0.3333333333333333,Rv1645c-PE17
0.2153846153846154,Rv1135A
0.25,Rv2777c-Rv2778c
0.28378378378378377,gpm2
0.3076923076923077,vapB15
0.22388059701492538,Rv0559c
0.23684210526315788,mpt64-nrdF1
0.22784810126582278,Rv3488
0.16417910447761194,Rv1954A-higB
0.1896551724137931,Rv0792c
0.3275862068965517,mbtK
0.32786885245901637,fbiA
0.225,Rv3304
0.19767441860465115,fadD36-Rv1194c
0.2898550724637681,clgR-pgsA3
0.25,Rv2076c
0.28125,tmk-sahH
0.3181818181818182,Rv3707c-asd
0.19444444444444445,Rv2143-Rv2144c
0.32432432432432434,Rv3726-Rv3727
0.26229508196721313,ephD-dlaT
0.2465753424657534,Rv1734c
0.22784810126582278,Rv1762c
0.2361111111111111,Rv0497-Rv0498
0.25757575757575757,PE_PGRS16-PE_PGRS17
0.2923076923076923,Rv1331
0.16129032258064516,MTS1338
0.27631578947368424,Rv1739c-vapB34
0.21311475409836064,Rv2422
0.2261904761904762,Rv2489c
0.24691358024691357,sigL-rslA
0.22857142857142856,Rv2242-fabD
0.2459016393442623,cyp121-Rv2277c
0.18666666666666668,dnaJ2-hrcA
0.25316455696202533,phoY1-glpD2
0.28378378378378377,PPE43-PE27
0.21739130434782608,Rv0514
0.25,proU-glyV
0.234375,Rv3644c-Rv3645
0.2318840579710145,fadA5-ddn
0.2345679012345679,Rv1290A-Rv1291c
0.23076923076923078,Rv1598c-hisD
0.22535211267605634,Rv2018
0.22972972972972974,yajC
0.171875,Rv2929
0.22972972972972974,cdh-lppO
0.2804878048780488,Rv0076c-Rv0077c
0.2054794520547945,trpT-secE1
0.2891566265060241,kstR
0.20967741935483872,Rv2293c-Rv2294
0.19480519480519481,Rv2326c-Rv2327
0.29577464788732394,Rv0047c-Rv0048c
0.17567567567567569,rpsF-ssb
0.2698412698412698,Rv0183-Rv0184
0.2289156626506024,Rv0531-PE_PGRS6
0.17647058823529413,end-lpqP
0.2923076923076923,lipU-cbs
0.27692307692307694,vapC11
0.2602739726027397,tatA
0.17391304347826086,TB22.2
0.25675675675675674,Rv3400-Rv3401
0.3076923076923077,mmpL13b-Rv1147
0.234375,Rv3213c-gpm2
0.24705882352941178,esxG
0.23529411764705882,Rv0336-aspC
0.32051282051282054,prsA-glmU
0.20634920634920634,typA-lpqW
0.2804878048780488,lipY-Rv3098c
0.15789473684210525,PE_PGRS23-lpqZ
0.23376623376623376,Rv2722
0.24615384615384617,Rv3046c
0.2647058823529412,sigK
0.27380952380952384,Rv1691
0.21212121212121213,Rv1754c-plcD
0.2833333333333333,cysA3
0.2328767123287671,Rv2927c-tesA
0.171875,mcr19-mshA
0.2786885245901639,vapB10
0.21428571428571427,Rv3492c
0.25609756097560976,Rv1904-aao
0.16923076923076924,Rv1359
0.2318840579710145,fdxA
0.25609756097560976,Rv1043c-Rv1044
0.25,mshB-Rv1171
0.1388888888888889,Rv0203-Rv0204c
0.2823529411764706,B11-Rv3661
0.2875,Rv0879c
0.265625,amiB2
0.16666666666666666,Rv0025
0.27419354838709675,Rv2184c-TB16.3
0.2876712328767123,Rv2739c-ephG
0.21794871794871795,Rv3243c
0.3384615384615385,rpsR1
0.22857142857142856,Rv0296c-PE_PGRS5
0.2191780821917808,Rv2961-Rv2962c
0.24050632911392406,entC-Rv3216
0.24615384615384617,Rv3669
0.3037974683544304,Rv3686c-rsfB
0.30864197530864196,Rv1234
0.21621621621621623,vapC40
0.22058823529411764,Rv0891c-Rv0892
0.28378378378378377,Rv1220c
0.2631578947368421,tatD
0.2878787878787879,ileS-dinX
0.2463768115942029,Rv3120-cyp141
0.25757575757575757,Rv0498
0.24615384615384617,rbsK-Rv2437
0.2535211267605634,gadB-Rv3433c
0.16923076923076924,vapC32-Rv1115
0.24468085106382978,truA-rplQ
0.22388059701492538,TB7.3-rshA
0.2222222222222222,plcB-plcA
0.2375,Rv3438-Rv3439c
0.15942028985507245,Rv2261c-Rv2262c
0.3037974683544304,Rv2859c
0.24050632911392406,Rv2979c-Rv2980
0.2823529411764706,Rv0484c-Rv0485
0.23076923076923078,thrB
0.2602739726027397,Rv1366A
0.2361111111111111,phoH2-Rv1096
0.22857142857142856,Rv0874c-Rv0875c
0.22857142857142856,Rv0025-Rv0026
0.19696969696969696,Rv2286c-yjcE
0.3614457831325301,Rv1499
0.3,echA8-echA9
0.20833333333333334,Rv1989c
0.3611111111111111,Rv2509
0.18867924528301888,Rv2639c
0.2716049382716049,dapB
0.29310344827586204,Rv2824c-Rv2825c
0.1625,nuoK
0.20930232558139536,whiB2
0.18666666666666668,Rv3629c-Rv3630
0.25,fadE36-Rv3762c
0.273972602739726,rsfA
0.15384615384615385,Rv3235-Rv3236c
0.22857142857142856,grpE
0.1875,icl1-fadB2
0.22058823529411764,Rv1591-Rv1592c
0.21518987341772153,Rv2199c
0.2222222222222222,Rv2857c
0.3064516129032258,Rv0898c-ompA
0.23076923076923078,Rv2061c
0.2857142857142857,rfbD-Rv3784
0.352112676056338,thiE
0.2361111111111111,Rv1639c-lysX
0.20253164556962025,Rv2730
0.25,Rv3787c-Rv3788
0.25,PPE8-Rv0356c
0.17333333333333334,Rv1322A
0.2597402597402597,vapB42
0.24050632911392406,Rv1159A-mutT2
0.2087912087912088,eis-Rv2417c
0.26153846153846155,Rv0245-Rv0246
0.2,rpmI-rplT
0.2361111111111111,xseB
0.23880597014925373,Rv0104-rpmB1
0.3333333333333333,proX-Rv3760
0.3235294117647059,Rv3058c-cyp136
0.2289156626506024,vapC15-Rv2011c
0.2982456140350877,vapB48
0.23076923076923078,Rv1167c-PPE17
0.19672131147540983,Rv1810-mgtC
0.18571428571428572,mazF3
0.24324324324324326,mmaA1
0.2289156626506024,echA5-mmpL5
0.2608695652173913,Rv0089-Rv0090
0.2857142857142857,Rv0332-Rv0333
0.22666666666666666,rplP
0.17105263157894737,vapB13-PE_PGRS34
0.225,hsaE-kstD
0.3333333333333333,esxS
0.2235294117647059,Rv2117
0.25862068965517243,Rv0080-Rv0081
0.2375,ideR
0.20967741935483872,Rv3642c-Rv3643
0.24691358024691357,Rv1719-proT
0.26582278481012656,Rv2077A
0.2727272727272727,Rv3180c
0.2835820895522388,Rv3718c
0.1875,Rv1632c
0.24096385542168675,fadA2-F6
0.27848101265822783,Rv0141c
0.208955223880597,dnaE2-Rv3371
0.225,Rv1873-Rv1874
0.23943661971830985,Rv3760
0.21333333333333335,menE-Rv0543c
0.22535211267605634,mazF6
0.2727272727272727,rpmB2-Rv2059
0.3114754098360656,fadE3-Rv0216
0.17142857142857143,Rv0340-iniB
0.22666666666666666,umaA-pcaA
0.26666666666666666,moaC2
0.21621621621621623,Rv2728c
0.2857142857142857,Rv3271c-Rv3272
0.20987654320987653,fusA1-tuf
0.24324324324324326,PE_PGRS29-ctpD
0.31746031746031744,Rv1990A
0.22666666666666666,Rv2182c-Rv2183c
0.3333333333333333,Rv2204c
0.2028985507246377,pptT
0.24691358024691357,uvrD2-Rv3198A
0.20930232558139536,Rv1101c-mazF3
0.23076923076923078,Rv1373-Rv1374c
0.25,Rv1626-Rv1627c
0.24,esxK-esxL
0.19117647058823528,snoP
0.273972602739726,infC
0.2459016393442623,vapC13
0.24242424242424243,Rv3821-Rv3822
0.32,Rv0163
0.2345679012345679,usfY
0.15384615384615385,PPE49-Rv3126c
0.16901408450704225,Rv0081
0.22058823529411764,Rv0012-trpG
0.21666666666666667,bpoC-menD
0.24193548387096775,Rv2787-sirR
0.26666666666666666,amiA1
0.23809523809523808,Rv2851c-mqo
0.3037974683544304,Rv2958c-Rv2959c
0.2028985507246377,Rv1154c
0.3116883116883117,Rv2134c-Rv2135c
0.20588235294117646,Rv2175c
0.2608695652173913,Rv2532c
0.15517241379310345,Rv0496
0.2153846153846154,vapC32
0.23943661971830985,aac
0.2465753424657534,Rv1159A
0.22033898305084745,secG
0.2537313432835821,Rv1830-Rv1831
0.19736842105263158,hsaA-kshB
0.22077922077922077,Rv2324
0.23076923076923078,nuoB
0.2318840579710145,Rv0525
0.12121212121212122,vapC12
0.26666666666666666,rfbE
0.2676056338028169,ino1-Rv0047c
0.2602739726027397,Rv2806
0.24691358024691357,Rv1502-Rv1503c
0.3466666666666667,nrp-Rv0102
0.25396825396825395,Rv3613c
0.24691358024691357,fixB-fixA
0.2,hspX
0.16417910447761194,Rv2990c-Rv2991
0.23333333333333334,Rv1404-Rv1405c
0.23809523809523808,mpr12
0.24390243902439024,serS-Rv3835
0.2328767123287671,Rv2628-Rv2629
0.2,rmlA
0.23076923076923078,ribC-Rv1413
0.22784810126582278,proA
0.21333333333333335,apt-Rv2585c
0.35384615384615387,aglA-Rv2472
0.21212121212121213,icd1-metC
0.27419354838709675,rnhB
0.19298245614035087,Rv3161c-Rv3162c
0.27631578947368424,adoK
0.2602739726027397,Rv1158c-pimE
0.2597402597402597,esxN
0.26785714285714285,Rv0879c-Rv0880
0.2558139534883721,Rv2795c-lppV
0.2857142857142857,Rv1151c
0.2823529411764706,Rv1893-Rv1894c
0.19736842105263158,espR
0.17391304347826086,Rv3552-Rv3553
0.18333333333333332,Rv1885c
0.27848101265822783,Rv0807-purF
0.3,Rv0678-Rv0679c
0.24561403508771928,Rv2843
0.2535211267605634,Rv0912
0.19672131147540983,F6
0.2465753424657534,Rv1116A-Rv1117
0.22727272727272727,gpdA2-Rv2983
0.2857142857142857,fbpC-htdZ
0.1935483870967742,Rv2557-Rv2558
0.26153846153846155,aftB-ubiA
0.2597402597402597,Rv1204c-Rv1205
0.25925925925925924,vapB7-atsD
0.2786885245901639,glbN-Rv1543
